0.904872 0.388098 0.219869
0.129088 0.512762 0.100486
0.016567 0.476808 0.967784
0.146629 0.619575 0.122205
0.202897 0.388797 0.441873
0.354745 0.991843 0.423311
0.700330 0.431132 0.934373
0.869211 0.620350 0.417474
0.913750 0.575567 0.307829
0.522787 0.653285 0.202979
0.441952 0.257943 0.117748
0.046991 0.025394 0.828849
0.804230 0.164528 0.633933
0.994260 0.004830 0.485782
0.844586 0.673744 0.864070
0.006405 0.310850 0.994399
0.801800 0.698907 0.111828
0.942307 0.001253 0.978341
0.600589 0.950191 0.145307
0.120376 0.002027 0.998852
0.816993 0.543291 0.055555
0.162580 0.341371 0.298581
0.578178 0.722462 0.791059
0.892941 0.251465 0.308976
0.572783 0.538270 0.963718
0.620340 0.324292 0.354304
0.251767 0.570617 0.375397
0.527515 0.717656 0.784388
0.409233 0.091788 0.131492
0.388723 0.195114 0.159593
0.094867 0.974761 0.022920
0.575585 0.835115 0.112404
0.491258 0.047223 0.740967
0.192101 0.472029 0.086355
0.788605 0.874119 0.779513
0.970196 0.908872 0.718758
0.009622 0.515803 0.987299
0.460424 0.550507 0.044376
0.499007 0.423664 0.760509
0.289110 0.031945 0.740470
0.399211 0.827521 0.440287
0.537485 0.102922 0.587136
0.463360 0.945095 0.686649
0.944870 0.001886 0.955419
0.690793 0.033629 0.024987
0.891550 0.249878 0.045231
0.176546 0.419177 0.356220
0.015624 0.014391 0.999517
0.998098 0.861993 0.000752
0.029226 0.475263 0.197544
0.480505 0.004333 0.578249
0.993037 0.005498 0.555711
0.711890 0.849790 0.971498
0.469597 0.073191 0.835316
0.849547 0.891069 0.890240
0.671672 0.931627 0.335860
0.318420 0.315787 0.073663
0.958399 0.713522 0.570470
0.221164 0.701830 0.231706
0.453489 0.496610 0.630540
0.075869 0.951108 0.036980
0.044091 0.185357 0.877967
0.154869 0.932728 0.256794
0.560672 0.259781 0.861105
0.362612 0.980948 0.845188
0.007494 0.542765 0.961759
0.947528 0.000982 0.974960
0.997021 0.047311 0.014337
0.485012 0.306547 0.301455
0.094368 0.907824 0.214855
0.814010 0.519752 0.758893
0.591705 0.922332 0.855778
0.244229 0.508404 0.859773
0.673703 0.035209 0.017175
0.240545 0.818167 0.260142
0.779941 0.052551 0.189628
0.303168 0.802366 0.781276
0.777256 0.629201 0.182757
0.513368 0.587125 0.225610
0.757779 0.631906 0.676382
0.242007 0.699374 0.917754
0.080732 0.805608 0.102692
0.821361 0.666707 0.246130
0.254975 0.416091 0.413588
0.935221 0.003364 0.940974
0.000304 0.976353 0.978830
0.693534 0.167219 0.768822
0.119007 0.003315 0.999808
0.289031 0.909297 0.994703
0.086931 0.784955 0.793775
0.999834 0.000789 0.685743
0.812526 0.935409 0.053156
0.995590 0.000373 0.830950
0.701485 0.726628 0.759604
0.662444 0.937710 0.451468
0.377877 0.640319 0.519949
0.191136 0.193876 0.149029
0.402091 0.381477 0.360150
0.960055 0.016633 0.857728
0.827278 0.380743 0.299715
0.859320 0.095328 0.514844
0.379682 0.469596 0.229667
0.172564 0.784402 0.245488
0.000360 0.866424 0.984749
0.255057 0.002490 0.998105
0.405512 0.483793 0.808876
0.997932 0.112102 0.008340
0.665890 0.849717 0.226725
0.993715 0.341862 0.011430
0.515850 0.650785 0.108571
0.881271 0.639593 0.367443
0.949404 0.003331 0.913169
0.006844 0.402236 0.993590
0.405853 0.350208 0.481012
0.997701 0.011130 0.012469
0.272875 0.470572 0.278307
0.845211 0.619013 0.032117
0.576348 0.812991 0.319525
0.902734 0.003527 0.976810
0.645522 0.007077 0.557861
0.142240 0.138911 0.330880
0.904171 0.527160 0.304529
0.167508 0.744139 0.050784
0.707487 0.664291 0.001793
0.903337 0.556215 0.303033
0.754080 0.114232 0.992003
0.765864 0.875702 0.115634
0.641310 0.598095 0.691265
0.032804 0.894672 0.728216
0.966966 0.001109 0.952389
0.470918 0.746848 0.723420
0.422728 0.811613 0.716997
0.179695 0.899512 0.050718
0.880797 0.177698 0.119311
0.144084 0.045509 0.641863
0.014268 0.999806 0.088263
0.999231 0.001458 0.217764
0.587099 0.997800 0.004214
0.712961 0.685657 0.756969
0.041962 0.178488 0.860115
0.008025 0.043818 0.999444
0.952141 0.047142 0.459996
0.242847 0.352191 0.776784
0.377268 0.587718 0.837265
0.013998 0.929008 0.632826
0.998791 0.001108 0.828281
0.064499 0.302695 0.844633
0.992633 0.000218 0.872051
0.433804 0.581992 0.377355
0.157204 0.497122 0.492673
0.029620 0.375139 0.953831
0.887804 0.523132 0.751161
0.940785 0.868780 0.923123
0.862559 0.313213 0.483113
0.413737 0.169536 0.182174
0.729783 0.629646 0.257748
0.997645 0.001410 0.436219
0.495360 0.647395 0.567113
0.557663 0.996944 0.776405
0.674858 0.099038 0.993727
0.800522 0.831096 0.948830
0.099579 0.029103 0.313418
0.998786 0.059531 0.003644
0.509361 0.475693 0.285881
0.359596 0.132838 0.132080
0.401619 0.007262 0.974361
0.519278 0.736499 0.426625
0.842328 0.723500 0.329436
0.125102 0.891955 0.710073
0.956063 0.928310 0.001756
0.813682 0.922479 0.599356
0.000453 0.570531 0.966469
0.050673 0.534893 0.405602
0.352476 0.731665 0.662576
0.006976 0.077792 0.997918
0.667595 0.738202 0.256206
0.452043 0.775548 0.943504
0.996540 0.471352 0.248112
0.425963 0.394008 0.579938
0.406221 0.669942 0.553383
0.049973 0.890154 0.438743
0.955197 0.726574 0.691286
0.957051 0.004219 0.897657
0.085092 0.591972 0.202877
0.024806 0.518862 0.863288
0.645497 0.828291 0.645579
0.022197 0.998700 0.198906
0.983015 0.860520 0.681825
0.471768 0.435058 0.863807
0.497038 0.894161 0.984722
0.042168 0.859517 0.177442
0.691242 0.842329 0.086615
0.996642 0.202218 0.006941
0.191289 0.325236 0.766415
0.736444 0.482903 0.733866
0.834493 0.715870 0.546968
0.637152 0.466284 0.345208
0.619910 0.008622 0.355324
0.481442 0.729345 0.771023
0.998812 0.057853 0.001317
0.596818 0.677009 0.970330
0.002431 0.904279 0.950469
0.027144 0.948372 0.996053
0.842552 0.738815 0.978453
0.930419 0.003492 0.992421
0.216268 0.049030 0.736664
0.848591 0.182261 0.956039
0.327483 0.634868 0.038832
0.761824 0.107344 0.866112
0.289778 0.727912 0.117413
0.826991 0.350373 0.693907
0.132243 0.917062 0.588677
0.078168 0.092963 0.963976
0.721498 0.457679 0.861907
0.791521 0.146197 0.091150
0.370331 0.936870 0.426615
0.002241 0.991172 0.943500
0.004447 0.215665 0.994954
0.711522 0.302279 0.405526
0.460635 0.177566 0.989555
0.549912 0.413321 0.617093
0.995974 0.004122 0.290688
0.047516 0.010516 0.493203
0.531077 0.000114 0.997275
0.217533 0.328138 0.715313
0.009550 0.166240 0.993754
0.123174 0.551833 0.715469
0.942370 0.002739 0.954335
0.000585 0.546353 0.991981
0.938729 0.057834 0.766110
0.616205 0.696144 0.945576
0.032710 0.369545 0.831022
0.086833 0.610149 0.023300
0.146968 0.549315 0.755036
0.048380 0.978102 0.064689
0.425870 0.500342 0.366040
0.084541 0.150481 0.543426
0.831398 0.254910 0.296378
0.988460 0.984619 0.069398
0.012313 0.697526 0.839160
0.820908 0.056589 0.615293
0.302850 0.987532 0.016875
0.318203 0.458843 0.748803
0.291262 0.678570 0.126647
0.028938 0.427796 0.920377
0.407166 0.867865 0.750479
0.713858 0.955753 0.889396
0.566317 0.840633 0.463804
0.904851 0.074831 0.842010
0.406658 0.277365 0.048880
0.986741 0.251977 0.437592
0.718144 0.355092 0.245850
0.197780 0.150291 0.730930
0.157504 0.008700 0.998399
0.001347 0.974429 0.950747
0.060299 0.092744 0.739784
0.055408 0.006758 0.998437
0.783768 0.904028 0.041980
0.808425 0.491089 0.218604
0.848983 0.341291 0.299728
0.432475 0.154157 0.152930
0.603822 0.849171 0.095890
0.003095 0.883657 0.960546
0.483477 0.898195 0.539493
0.314745 0.563957 0.842952
0.026098 0.263364 0.973767
0.316053 0.613793 0.006221
0.650849 0.771452 0.428104
0.756302 0.017367 0.760793
0.540713 0.484073 0.065820
0.612996 0.290313 0.847217
0.938054 0.581355 0.989792
0.972723 0.529577 0.576640
0.193643 0.441723 0.664956
0.037888 0.044700 0.976001
0.793650 0.464933 0.336377
0.647279 0.194775 0.678203
0.008309 0.178398 0.993345
0.962498 0.000833 0.957998
0.999081 0.047633 0.007808
0.002323 0.908140 0.953586
0.810327 0.811905 0.765687
0.487167 0.012542 0.372129
0.968190 0.379092 0.970305
0.001101 0.179639 0.996387
0.277275 0.809026 0.363097
0.409421 0.577801 0.825623
0.122369 0.618719 0.431839
0.145036 0.707698 0.449896
0.061337 0.998071 0.038258
0.011303 0.792274 0.775666
0.244014 0.347220 0.092115
0.679489 0.025351 0.712978
0.994339 0.005986 0.392850
0.994415 0.000695 0.864519
0.849120 0.572325 0.036553
0.506784 0.936031 0.154655
0.956646 0.919630 0.863486
0.831535 0.964499 0.775187
0.552214 0.716757 0.188733
0.902552 0.073761 0.062794
0.001788 0.936085 0.946330
0.024039 0.537295 0.205150
0.002715 0.991546 0.882496
0.805311 0.978982 0.538524
0.994492 0.053854 0.011196
0.994703 0.007644 0.046991
0.724472 0.200303 0.741993
0.147885 0.561982 0.938583
0.891438 0.026998 0.971115
0.002554 0.877831 0.963208
0.351392 0.006441 0.988901
0.204984 0.414339 0.879141
0.613890 0.625962 0.167889
0.336246 0.128695 0.279085
0.748919 0.398370 0.625182
0.443699 0.426776 0.093700
0.513977 0.365543 0.079415
0.730142 0.162821 0.732978
0.377129 0.374978 0.690048
0.612083 0.628534 0.634597
0.286580 0.299709 0.965570
0.238320 0.998706 0.022053
0.997454 0.044687 0.337884
0.982853 0.361430 0.016751
0.712554 0.277885 0.853738
0.007995 0.407356 0.988900
0.496228 0.980189 0.087508
0.047620 0.949394 0.903358
0.989012 0.297698 0.161458
0.414333 0.620206 0.831989
0.683122 0.331142 0.818281
0.746114 0.180863 0.296005
0.638793 0.052801 0.085398
0.708369 0.678661 0.306293
0.942175 0.376624 0.716429
0.024190 0.271589 0.965746
0.998629 0.222656 0.001667
0.819442 0.646995 0.241596
0.874947 0.281888 0.729406
0.870486 0.422479 0.238978
0.715222 0.033251 0.999204
0.435168 0.706676 0.836166
0.873748 0.240744 0.977286
0.827734 0.132158 0.964278
0.772352 0.126612 0.885308
0.802106 0.175881 0.277992
0.389675 0.224066 0.826212
0.997250 0.282767 0.006208
0.405631 0.468710 0.031487
0.998483 0.116182 0.001808
0.679119 0.352134 0.201729
0.546603 0.638043 0.519976
0.115406 0.999608 0.012292
0.516133 0.584277 0.874705
0.996704 0.043677 0.014727
0.290838 0.461274 0.930445
0.935083 0.418688 0.111513
0.846742 0.307408 0.571444
0.017440 0.994156 0.492969
0.625214 0.134855 0.060049
0.918971 0.472314 0.353371
0.430735 0.011493 0.336435
0.994945 0.299778 0.007197
0.999665 0.001155 0.354032
0.953947 0.122070 0.875015
0.817557 0.815137 0.752137
0.999009 0.086233 0.650394
0.993980 0.006481 0.446829
0.967858 0.001319 0.863543
0.029610 0.472639 0.370350
0.312159 0.025726 0.853150
0.309695 0.999094 0.002511
0.091110 0.999043 0.015416
0.475669 0.315830 0.630983
0.339294 0.744513 0.430455
0.985419 0.004223 0.836528
0.002503 0.916572 0.932521
0.900217 0.830726 0.577171
0.135234 0.722335 0.648312
0.996322 0.008984 0.025747
0.328666 0.487497 0.941166
0.210412 0.378711 0.964326
0.079545 0.840858 0.746727
0.901683 0.649808 0.688378
0.993999 0.001106 0.868581
0.339527 0.998642 0.004427
0.889014 0.758604 0.875440
0.062359 0.299072 0.778228
0.195289 0.757914 0.475968
0.060942 0.466873 0.103753
0.529700 0.552103 0.672521
0.000721 0.511356 0.999155
0.644675 0.997296 0.001566
0.296788 0.760583 0.592480
0.480695 0.872739 0.161464
0.071281 0.999331 0.030801
0.000618 0.996388 0.795934
0.001002 0.993164 0.847480
0.980556 0.000754 0.873286
0.035717 0.021051 0.998397
0.594580 0.060020 0.662402
0.262192 0.808263 0.647925
0.148407 0.605219 0.313763
0.147350 0.410441 0.425011
0.060941 0.489498 0.716898
0.939307 0.702474 0.828462
0.426519 0.125619 0.368535
0.006073 0.538730 0.971921
0.888083 0.643671 0.397385
0.520756 0.297350 0.084568
0.935400 0.327491 0.520715
0.021541 0.977410 0.701776
0.032453 0.999175 0.086932
0.206354 0.494920 0.058504
0.217455 0.606144 0.857114
0.426504 0.913244 0.950415
0.942583 0.004322 0.899542
0.320253 0.123701 0.798736
0.856541 0.711652 0.077113
0.498462 0.070211 0.482521
0.411921 0.842206 0.394486
0.000921 0.370276 0.998387
0.977245 0.901739 0.948831
0.613256 0.628957 0.775122
0.110586 0.620776 0.761846
0.046332 0.999000 0.092593
0.013321 0.162568 0.976911
0.504598 0.854606 0.706017
0.633113 0.762368 0.995843
0.313778 0.332225 0.371618
0.919527 0.970726 0.353971
0.082710 0.709070 0.119674
0.294744 0.000780 0.999398
0.881074 0.963664 0.523402
0.630203 0.317317 0.225484
0.811352 0.363789 0.599620
0.845255 0.001960 0.996834
0.686409 0.856146 0.168535
0.037889 0.623398 0.830234
0.524251 0.245839 0.243569
0.995371 0.003083 0.469312
0.451915 0.843557 0.810229
0.529908 0.493126 0.176168
0.394193 0.275944 0.588265
0.008108 0.310816 0.993475
0.550250 0.229954 0.031571
0.837079 0.801836 0.534719
0.997134 0.001633 0.602460
0.688596 0.892863 0.620399
0.415385 0.679103 0.636026
0.010251 0.296358 0.993264
0.978360 0.075593 0.912716
0.817004 0.621322 0.337387
0.966951 0.459577 0.247581
0.839902 0.999597 0.000026
0.626580 0.940309 0.871756
0.862309 0.756671 0.959602
0.004590 0.981217 0.524962
0.226977 0.310705 0.509767
0.912503 0.195487 0.734500
0.992910 0.236679 0.068635
0.757929 0.095233 0.064921
0.830124 0.190299 0.855062
0.253193 0.623178 0.431296
0.695539 0.695235 0.059271
0.604910 0.350794 0.776705
0.000454 0.890461 0.955653
0.006690 0.999710 0.151282
0.864024 0.487646 0.098530
0.474420 0.000142 0.998167
0.472018 0.016356 0.683008
0.098861 0.914049 0.371607
0.263831 0.340728 0.101255
0.385595 0.998520 0.002796
0.539796 0.561648 0.836915
0.569036 0.157606 0.858234
0.763943 0.369171 0.055557
0.781659 0.740076 0.852694
0.105987 0.568013 0.035540
0.367134 0.741416 0.227065
0.365473 0.384527 0.965899
0.148903 0.211286 0.978514
0.663014 0.215200 0.970117
0.321007 0.568577 0.451552
0.995383 0.270657 0.008221
0.138889 0.406585 0.206603
0.733006 0.530834 0.277531
0.029395 0.268046 0.970162
0.639432 0.286264 0.641765
0.216562 0.434229 0.749011
0.501472 0.290128 0.141358
0.988737 0.198113 0.694057
0.051675 0.998764 0.037016
0.587343 0.202774 0.548804
0.779219 0.509009 0.243671
0.115339 0.864611 0.713841
0.417907 0.831199 0.570001
0.799021 0.505282 0.152817
0.149526 0.059387 0.252209
0.419966 0.361627 0.851946
0.420516 0.515510 0.409532
0.693003 0.855815 0.867577
0.730629 0.550544 0.624557
0.026565 0.616142 0.958714
0.885864 0.610486 0.785151
0.249490 0.573464 0.820060
0.573036 0.668694 0.809940
0.575260 0.174867 0.978589
0.001078 0.999922 0.340934
0.666198 0.943238 0.812744
0.416443 0.910465 0.368013
0.916800 0.718231 0.881246
0.998417 0.083549 0.005936
0.496402 0.738183 0.171911
0.004556 0.998959 0.518733
0.450546 0.873449 0.386915
0.998721 0.001691 0.251164
0.951956 0.501825 0.708524
0.353422 0.787806 0.282564
0.153442 0.506001 0.747940
0.025567 0.503259 0.250455
0.211968 0.684373 0.289410
0.410463 0.397839 0.356316
0.698533 0.673844 0.884784
0.776602 0.987248 0.309100
0.281742 0.320915 0.879168
0.636280 0.777856 0.579769
0.926532 0.993554 0.842074
0.002174 0.993459 0.793881
0.811435 0.830353 0.004120
0.992746 0.011001 0.117886
0.235994 0.222318 0.076383
0.933324 0.944120 0.252032
0.007523 0.989367 0.507163
0.541620 0.795281 0.577217
0.342602 0.045789 0.165746
0.104406 0.535405 0.684347
0.706292 0.252062 0.689257
0.011041 0.997320 0.329138
0.979689 0.070730 0.138813
0.704485 0.577279 0.585177
0.725031 0.448381 0.817557
0.582027 0.675352 0.464342
0.641340 0.168275 0.181121
0.965075 0.001172 0.883439
0.959407 0.433524 0.344533
0.640222 0.432389 0.298452
0.633433 0.484003 0.789023
0.196055 0.439591 0.575371
0.993960 0.001901 0.776448
0.005737 0.999032 0.398027
0.019025 0.999421 0.066903
0.080374 0.066954 0.275344
0.216685 0.922576 0.936888
0.197683 0.147847 0.204675
0.138714 0.245480 0.935951
0.624444 0.200788 0.975084
0.513824 0.079271 0.435629
0.710016 0.429959 0.022652
0.598428 0.443079 0.114528
0.527163 0.465209 0.912775
0.040145 0.726588 0.167499
0.868240 0.023785 0.720621
0.149110 0.930515 0.047873
0.359954 0.737393 0.713868
0.676560 0.651218 0.214477
0.270780 0.455575 0.164432
0.465440 0.911169 0.551615
0.001038 0.999568 0.688107
0.188786 0.022661 0.390547
0.025287 0.422969 0.945137
0.103338 0.104468 0.167848
0.620935 0.428273 0.463849
0.986085 0.010089 0.137309
0.018130 0.909397 0.334786
0.857912 0.137148 0.740370
0.231268 0.125371 0.131755
0.472278 0.172043 0.131747
0.632165 0.246047 0.071368
0.338162 0.123507 0.282114
0.851510 0.466400 0.035453
0.230055 0.912079 0.323160
0.063860 0.650557 0.731223
0.033287 0.300026 0.903076
0.845775 0.537988 0.221981
0.967621 0.093512 0.744881
0.534531 0.648342 0.873399
0.532271 0.595474 0.143838
0.615885 0.903673 0.747583
0.149397 0.484818 0.419700
0.002947 0.864991 0.961495
0.013059 0.552783 0.945177
0.256610 0.099635 0.695184
0.093786 0.892492 0.171449
0.009665 0.493296 0.964776
0.950278 0.052128 0.559420
0.347499 0.110640 0.303547
0.824163 0.204971 0.337887
0.993390 0.004276 0.753267
0.172626 0.453843 0.138552
0.058171 0.150245 0.220182
0.034952 0.970802 0.180877
0.597317 0.744666 0.816749
0.236215 0.330800 0.463240
0.000299 0.994503 0.799915
0.589002 0.811405 0.011039
0.547464 0.342167 0.070689
0.001284 0.878047 0.960769
0.999480 0.014650 0.006547
0.449395 0.340958 0.463301
0.946120 0.154202 0.272877
0.005375 0.991484 0.501384
0.869406 0.490803 0.771058
0.185228 0.564795 0.724086
0.767559 0.692474 0.630803
0.852561 0.450109 0.625231
0.535798 0.926623 0.072275
0.327462 0.130874 0.281258
0.012190 0.488662 0.961720
0.992148 0.967180 0.001327
0.987353 0.004060 0.852456
0.042674 0.216641 0.390816
0.235281 0.977476 0.749787
0.174587 0.884440 0.515132
0.978302 0.002412 0.862242
0.568115 0.553031 0.273538
0.332995 0.994529 0.990804
0.385653 0.160511 0.610340
0.969950 0.354489 0.325480
0.921609 0.546145 0.792983
0.288041 0.881300 0.510088
0.395224 0.533847 0.220647
0.037979 0.997165 0.100952
0.000038 0.831092 0.999162
0.694728 0.756980 0.574384
0.131939 0.624587 0.044422
0.454401 0.864754 0.199226
0.007974 0.439530 0.992579
0.006045 0.994944 0.473604
0.954933 0.979859 0.455915
0.485391 0.805819 0.018000
0.431805 0.002744 0.997206
0.599581 0.958649 0.046797
0.833592 0.353673 0.383060
0.268142 0.506679 0.122637
0.407146 0.632076 0.909380
0.004042 0.720013 0.950287
0.984830 0.838074 0.707317
0.170073 0.999024 0.017107
0.926584 0.365082 0.440214
0.558994 0.725015 0.912678
0.247362 0.537333 0.688878
0.046729 0.793130 0.081918
0.003490 0.362620 0.995410
0.864088 0.446234 0.642539
0.133388 0.490016 0.383334
0.985911 0.823398 0.287029
0.864833 0.213024 0.286446
0.575337 0.382746 0.020040
0.022146 0.998441 0.270300
0.024571 0.998946 0.147441
0.456689 0.872187 0.073509
0.254311 0.961151 0.698486
0.041042 0.203071 0.975681
0.919227 0.828241 0.854055
0.974443 0.228364 0.082053
0.220332 0.100562 0.886300
0.035724 0.998977 0.129106
0.412225 0.663083 0.794301
0.957107 0.950417 0.678318
0.494750 0.992050 0.600266
0.553711 0.901068 0.805061
0.713336 0.286174 0.999833
0.166004 0.447167 0.828981
0.018408 0.373630 0.957555
0.170346 0.484982 0.685731
0.967755 0.041457 0.694171
0.365853 0.989274 0.045448
0.590359 0.765982 0.239424
0.307336 0.393589 0.725458
0.013539 0.649111 0.691847
0.775542 0.012421 0.020943
0.871769 0.000585 0.992486
0.263743 0.205974 0.518481
0.002876 0.971445 0.915494
0.060060 0.971973 0.354027
0.332454 0.886953 0.520036
0.351569 0.178309 0.966917
0.008908 0.381338 0.988997
0.466400 0.240107 0.884132
0.780331 0.768725 0.402406
0.418414 0.918680 0.279046
0.594264 0.906937 0.296416
0.131041 0.715648 0.814480
0.120434 0.431029 0.388228
0.240739 0.005785 0.996522
0.998399 0.001986 0.160356
0.988473 0.251777 0.973363
0.581139 0.698072 0.325395
0.413228 0.856610 0.047815
0.851936 0.004328 0.984850
0.125927 0.875464 0.823260
0.350086 0.752998 0.285576
0.592835 0.810731 0.973876
0.621368 0.971067 0.766608
0.195632 0.688194 0.804458
0.015749 0.186648 0.976594
0.999533 0.045812 0.613577
0.578000 0.763781 0.564122
0.656582 0.387455 0.604094
0.083474 0.233671 0.633844
0.099145 0.020097 0.096998
0.002962 0.913033 0.942767
0.996026 0.004343 0.268929
0.992641 0.191982 0.013770
0.554959 0.199368 0.145816
0.017980 0.433093 0.340733
0.004540 0.083481 0.998080
0.816960 0.980658 0.833009
0.008016 0.998968 0.322732
0.524000 0.536758 0.617709
0.313751 0.855229 0.096304
0.004143 0.659118 0.934021
0.275366 0.004385 0.996703
0.944229 0.574499 0.062589
0.911548 0.307125 0.018237
0.151569 0.437258 0.946964
0.078530 0.016776 0.699366
0.354944 0.327276 0.626520
0.999980 0.031982 0.001929
0.001188 0.412697 0.995849
0.307639 0.971289 0.070934
0.024781 0.329073 0.956641
0.468577 0.076053 0.286109
0.643261 0.350324 0.059672
0.151912 0.661344 0.949576
0.032065 0.390350 0.927892
0.943515 0.002747 0.954196
0.213065 0.437581 0.349283
0.661951 0.161077 0.700920
0.997337 0.194345 0.002394
0.108480 0.851457 0.718697
0.278954 0.114481 0.991152
0.692163 0.649754 0.212877
0.817767 0.212557 0.804088
0.549124 0.032897 0.837448
0.108932 0.832125 0.126861
0.037403 0.612350 0.653328
0.005155 0.999342 0.426289
0.009951 0.325330 0.984857
0.305050 0.389582 0.733500
0.893331 0.175134 0.392128
0.400689 0.402480 0.087956
0.381035 0.151125 0.921964
0.410946 0.242698 0.495158
0.398255 0.005966 0.989458
0.954668 0.506649 0.121197
0.394250 0.797454 0.465925
0.828755 0.220179 0.127922
0.032572 0.322607 0.932594
0.264016 0.416837 0.897939
0.647971 0.473516 0.972138
0.401590 0.562828 0.849089
0.440372 0.924172 0.843811
0.990711 0.081815 0.016981
0.245026 0.997047 0.016945
0.843990 0.063955 0.703011
0.044024 0.926675 0.902016
0.898612 0.262465 0.075432
0.717106 0.487254 0.350566
0.376418 0.023524 0.778704
0.876600 0.210232 0.558212
0.049146 0.791175 0.990958
0.177450 0.406961 0.336186
0.959070 0.615732 0.618066
0.007336 0.998699 0.381402
0.233409 0.786745 0.949288
0.885785 0.655008 0.482727
0.237431 0.994389 0.275730
0.260845 0.144868 0.509472
0.984594 0.001882 0.860435
0.548621 0.899278 0.684677
0.752225 0.628076 0.717069
0.838462 0.891836 0.860587
0.116966 0.866189 0.563092
0.185922 0.433324 0.320698
0.761656 0.729551 0.470489
0.813762 0.684720 0.785337
0.757541 0.599396 0.884842
0.482788 0.017068 0.214547
0.936525 0.503823 0.447512
0.299685 0.985622 0.926953
0.733450 0.496174 0.167655
0.090737 0.881063 0.633280
0.344657 0.355064 0.220166
0.768512 0.706637 0.542541
0.473406 0.514614 0.539628
0.010833 0.555287 0.925758
0.014684 0.875259 0.749597
0.009834 0.151565 0.994343
0.955696 0.886534 0.184900
0.588070 0.022683 0.019349
0.852456 0.180668 0.276156
0.833592 0.650445 0.178724
0.731508 0.467753 0.462163
0.713854 0.628914 0.485018
0.129155 0.156865 0.632970
0.950290 0.000886 0.983311
0.726204 0.164224 0.065068
0.498278 0.047207 0.460529
0.232328 0.574321 0.574100
0.515003 0.775368 0.788333
0.998792 0.392612 0.606635
0.415945 0.163088 0.057390
0.323595 0.550522 0.497719
0.339032 0.550784 0.059144
0.484307 0.509722 0.692004
0.878397 0.326834 0.810016
0.738749 0.450890 0.036479
0.763338 0.900328 0.440077
0.781125 0.971811 0.394655
0.326568 0.952513 0.619838
0.343690 0.795870 0.191361
0.895322 0.745414 0.708878
0.027552 0.999534 0.032848
0.403997 0.178403 0.430128
0.874163 0.041883 0.053941
0.343093 0.568900 0.038269
0.555969 0.037920 0.431577
0.638550 0.059964 0.821491
0.302163 0.293888 0.228553
0.804875 0.633615 0.854442
0.344492 0.178892 0.898423
0.580054 0.150261 0.584932
0.354547 0.663972 0.908872
0.318148 0.120227 0.136806
0.310923 0.815373 0.354549
0.008208 0.975543 0.519838
0.577164 0.541621 0.890416
0.560792 0.363258 0.810642
0.000417 0.785369 0.997324
0.995032 0.003569 0.714529
0.870804 0.200084 0.760169
0.659399 0.833040 0.256658
0.449604 0.930037 0.318366
0.149867 0.226012 0.543149
0.183756 0.999997 0.003619
0.900316 0.617720 0.617542
0.241240 0.576057 0.219833
0.721169 0.659103 0.798898
0.263787 0.993022 0.016415
0.003018 0.941387 0.912624
0.709858 0.190443 0.806372
0.383276 0.566281 0.532231
0.003324 0.963706 0.908601
0.135908 0.451954 0.906789
0.104042 0.501050 0.575561
0.993720 0.003983 0.719115
0.392556 0.127414 0.917479
0.018013 0.427751 0.937757
0.242794 0.312583 0.854446
0.858796 0.614080 0.760101
0.603750 0.439316 0.388769
0.025176 0.767909 0.481259
0.707479 0.802312 0.919210
0.675054 0.440411 0.178964
0.991565 0.990150 0.000043
0.162635 0.214384 0.788884
0.745254 0.152820 0.318855
0.005931 0.515952 0.990375
0.995639 0.972728 0.000718
0.991771 0.001341 0.840878
0.003057 0.966867 0.784017
0.182768 0.999472 0.011467
0.302295 0.101154 0.265262
0.995603 0.004811 0.230154
0.023134 0.034047 0.999234
0.649518 0.395062 0.497417
0.832457 0.873312 0.633948
0.176478 0.785607 0.295506
0.008212 0.280166 0.994431
0.016886 0.449872 0.968309
0.378051 0.071240 0.510687
0.198344 0.911851 0.184433
0.377623 0.913846 0.773372
0.340478 0.896550 0.223723
0.328752 0.869668 0.212038
0.001046 0.799710 0.966344
0.417097 0.006847 0.987884
0.045575 0.148124 0.916830
0.820235 0.945800 0.827952
0.692562 0.965774 0.080921
0.157564 0.358628 0.139541
0.735415 0.521045 0.230958
0.707731 0.995875 0.756193
0.299675 0.711257 0.380907
0.542205 0.739659 0.982337
0.734619 0.795412 0.294463
0.392258 0.069698 0.577245
0.057459 0.878581 0.821566
0.153604 0.271943 0.413752
0.578780 0.583191 0.546711
0.655238 0.113010 0.502884
0.924440 0.048191 0.947349
0.466263 0.306656 0.928996
0.045016 0.054317 0.961479
0.941034 0.871038 0.862857
0.295584 0.362949 0.176029
0.034103 0.022503 0.997349
0.189245 0.051636 0.488600
0.068472 0.312581 0.763936
0.000071 0.887254 0.998320
0.011778 0.998737 0.302713
0.040426 0.787031 0.909703
0.503846 0.136672 0.293330
0.886547 0.630549 0.106762
0.870436 0.766578 0.566935
0.804282 0.506112 0.940940
0.720831 0.092638 0.548730
0.007941 0.190159 0.995368
0.428052 0.221151 0.321268
0.491966 0.892994 0.172604
0.870935 0.600407 0.146914
0.313580 0.716598 0.505049
0.532865 0.879929 0.994649
0.064309 0.992405 0.902124
0.087339 0.469686 0.776906
0.170510 0.687270 0.874005
0.925225 0.385639 0.664730
0.021294 0.998541 0.324715
0.256883 0.922298 0.559144
0.164314 0.590376 0.139864
0.177181 0.245868 0.050395
0.935580 0.049210 0.482770
0.135245 0.923655 0.836658
0.994319 0.006451 0.158209
0.306229 0.999960 0.001194
0.358891 0.355282 0.663684
0.113895 0.438577 0.338953
0.622208 0.604376 0.458676
0.003912 0.929408 0.913048
0.039069 0.358241 0.654728
0.005403 0.268092 0.994596
0.800491 0.328025 0.717260
0.008739 0.518950 0.986596
0.323168 0.438159 0.832219
0.381372 0.999436 0.001632
0.042182 0.998805 0.093444
0.548003 0.941271 0.437094
0.583434 0.273950 0.626759
0.511042 0.241905 0.248627
0.000318 0.646245 0.998120
0.010016 0.110219 0.997327
0.245746 0.389284 0.709135
0.191971 0.030002 0.485283
0.263971 0.291383 0.206895
0.875800 0.212406 0.262730
0.728212 0.649916 0.666351
0.054628 0.092459 0.770244
0.957443 0.888161 0.661770
0.448933 0.698525 0.811298
0.033749 0.234890 0.132600
0.214319 0.365725 0.878037
0.575207 0.882885 0.583045
0.771875 0.267284 0.282473
0.989154 0.003168 0.845594
0.989744 0.034845 0.051647
0.992798 0.012360 0.102562
0.308304 0.364494 0.204246
0.909206 0.732534 0.637218
0.083413 0.915288 0.071568
0.028457 0.571625 0.600707
0.807909 0.608864 0.349005
0.274366 0.063506 0.990412
0.613434 0.945731 0.219346
0.013721 0.391262 0.968804
0.993767 0.006975 0.326645
0.704047 0.302164 0.557491
0.506153 0.285694 0.832710
0.852937 0.459788 0.235004
0.295303 0.002598 0.997935
0.639958 0.512101 0.046773
0.396846 0.379842 0.864736
0.994561 0.339308 0.007344
0.041154 0.758092 0.323932
0.498157 0.618893 0.209390
0.504090 0.195913 0.274727
0.466101 0.530839 0.924453
0.693095 0.529152 0.310561
0.107200 0.124979 0.895634
0.007088 0.555858 0.957585
0.324282 0.964796 0.823940
0.007799 0.110251 0.997009
0.187364 0.151241 0.703785
0.609476 0.186803 0.275575
0.374528 0.284073 0.108145
0.147010 0.287202 0.345614
0.995567 0.022845 0.015955
0.412788 0.607613 0.226783
0.003622 0.753425 0.947023
0.003815 0.907523 0.940524
0.910432 0.398400 0.393535
0.277188 0.834574 0.312876
0.524805 0.639960 0.754954
0.595954 0.365307 0.454779
0.618424 0.326348 0.519863
0.068422 0.120098 0.982116
0.615894 0.317100 0.870444
0.559998 0.248729 0.375507
0.817207 0.860770 0.185215
0.740544 0.629387 0.840046
0.170978 0.309667 0.181405
0.281102 0.554348 0.222423
0.458890 0.199972 0.192258
0.489172 0.192695 0.544215
0.516226 0.800275 0.272434
0.475691 0.752635 0.363575
0.993082 0.001575 0.780570
0.529042 0.029030 0.138899
0.908719 0.110742 0.711721
0.029131 0.817121 0.388293
0.993902 0.004068 0.551585
0.586039 0.826318 0.219453
0.409270 0.184486 0.695368
0.002266 0.137523 0.996255
0.974393 0.903044 0.072305
0.001243 0.983628 0.949088
0.262216 0.818523 0.159351
0.263141 0.416459 0.792546
0.595919 0.432226 0.088366
0.530390 0.757090 0.548308
0.617768 0.910435 0.403443
0.921969 0.290710 0.777609
0.003142 0.923333 0.913239
0.490440 0.619002 0.882002
0.134820 0.291538 0.110735
0.055236 0.271709 0.633530
0.585985 0.819494 0.586608
0.758693 0.200182 0.288417
0.117791 0.300071 0.778042
0.192355 0.889634 0.029846
0.973012 0.001051 0.949368
0.004731 0.993577 0.512880
0.988537 0.278463 0.012136
0.550277 0.538113 0.089961
0.476556 0.340162 0.403884
0.088632 0.290604 0.797894
0.056030 0.858723 0.498941
0.521054 0.431426 0.743237
0.007606 0.465662 0.993329
0.255976 0.398794 0.227249
0.516529 0.148020 0.398168
0.035924 0.209388 0.328383
0.286119 0.027441 0.404769
0.139285 0.159593 0.388784
0.472010 0.452429 0.694920
0.922420 0.742062 0.239825
0.033492 0.979914 0.161069
0.759709 0.375287 0.796949
0.290692 0.709503 0.848452
0.269212 0.999416 0.009476
0.452830 0.201711 0.950479
0.995767 0.409964 0.898643
0.049224 0.009116 0.195737
0.958661 0.001256 0.890314
0.989206 0.003897 0.757016
0.550896 0.503248 0.388065
0.656984 0.421095 0.226940
0.381172 0.462301 0.909425
0.010230 0.311801 0.992902
0.008106 0.371230 0.990965
0.003573 0.907005 0.945028
0.442300 0.044860 0.847372
0.210089 0.372700 0.283634
0.615926 0.104576 0.029619
0.517764 0.035640 0.720572
0.003741 0.948579 0.900162
0.829361 0.896867 0.783386
0.483637 0.841304 0.607589
0.733884 0.299529 0.241016
0.990175 0.226504 0.389418
0.994241 0.003645 0.698776
0.359624 0.769605 0.274056
0.195211 0.152890 0.543774
0.312692 0.842937 0.804025
0.044328 0.790414 0.496348
0.996957 0.073760 0.008481
0.378351 0.660467 0.213390
0.018390 0.284669 0.960740
0.410486 0.209138 0.614346
0.759428 0.197740 0.035793
0.620937 0.645537 0.558159
0.792676 0.388639 0.452019
0.761544 0.000040 0.999919
0.094380 0.572251 0.724234
0.708889 0.969016 0.769011
0.025916 0.264549 0.970996
0.462882 0.637316 0.897080
0.943590 0.014493 0.185307
0.045803 0.022869 0.997078
0.485469 0.878320 0.416229
0.081222 0.185523 0.758899
0.505980 0.093778 0.041613
0.650459 0.760435 0.637399
0.569805 0.176981 0.650251
0.185493 0.966596 0.871003
0.963857 0.998324 0.000026
0.853844 0.156250 0.072498
0.652969 0.523094 0.027194
0.999446 0.524637 0.615358
0.031865 0.328307 0.950207
0.374102 0.059928 0.933166
0.900228 0.879234 0.506350
0.361344 0.140057 0.359319
0.941843 0.628029 0.345659
0.498703 0.061214 0.834976
0.107902 0.585645 0.677139
0.157984 0.683940 0.482390
0.002177 0.161832 0.996643
0.469013 0.202154 0.277573
0.108769 0.970371 0.544012
0.996296 0.002211 0.440822
0.955138 0.221179 0.990550
0.679531 0.939731 0.235915
0.997997 0.003402 0.353681
0.191391 0.889309 0.908469
0.833911 0.968848 0.101454
0.387564 0.569619 0.235380
0.004024 0.831072 0.940996
0.015448 0.949952 0.534497
0.392307 0.951294 0.849117
0.726150 0.735148 0.847444
0.121929 0.463988 0.724409
0.958397 0.000865 0.968823
0.986709 0.247160 0.252353
0.241560 0.361419 0.275717
0.993772 0.009569 0.046437
0.992569 0.860926 0.001092
0.721795 0.050368 0.545083
0.003059 0.964308 0.811786
0.002219 0.997302 0.772104
0.802911 0.911322 0.223471
0.990024 0.002923 0.803340
0.759109 0.271858 0.673062
0.310230 0.999040 0.008602
0.945073 0.655871 0.025205
0.599208 0.378601 0.280772
0.002685 0.988324 0.914110
0.784633 0.649498 0.619531
0.917307 0.996878 0.000592
0.091055 0.954925 0.596688
0.354019 0.965877 0.227556
0.994458 0.150781 0.012035
0.217281 0.916524 0.740191
0.935626 0.004229 0.925389
0.030809 0.383324 0.945237
0.010585 0.999872 0.045183
0.890653 0.004044 0.985465
0.947185 0.153108 0.755623
0.757876 0.141246 0.970082
0.497187 0.544709 0.714156
0.470798 0.352232 0.740016
0.451752 0.599726 0.540128
0.537715 0.092521 0.398465
0.753840 0.045131 0.041663
0.004174 0.842177 0.893797
0.168449 0.209508 0.614373
0.903011 0.378907 0.345432
0.000455 0.993629 0.806071
0.905612 0.655962 0.976666
0.100695 0.059173 0.191912
0.879495 0.299581 0.924702
0.112017 0.645960 0.894920
0.946773 0.015640 0.457690
0.168484 0.853605 0.091856
0.996602 0.880093 0.000295
0.917477 0.226398 0.945263
0.110532 0.437950 0.208470
0.995041 0.372901 0.005786
0.827007 0.774603 0.903088
0.089863 0.997968 0.023165
0.401375 0.594614 0.287212
0.064232 0.872141 0.890482
0.361540 0.584639 0.239230
0.443435 0.397492 0.148015
0.857314 0.016879 0.338519
0.640024 0.349362 0.369319
0.898176 0.688059 0.465526
0.966807 0.820829 0.921463
0.791807 0.347266 0.689411
0.666994 0.313688 0.179214
0.717293 0.615039 0.252801
0.056688 0.164555 0.993496
0.294798 0.879139 0.842478
0.465348 0.269175 0.825266
0.998626 0.055860 0.009244
0.068909 0.819458 0.429333
0.845707 0.075779 0.988152
0.458381 0.370585 0.903221
0.401919 0.736153 0.968225
0.930070 0.992409 0.919435
0.252044 0.999793 0.008903
0.456134 0.027438 0.816153
0.012180 0.998964 0.188681
0.159440 0.336112 0.242665
0.010328 0.035529 0.976947
0.872444 0.871386 0.690560
0.745022 0.701776 0.516950
0.860873 0.123507 0.091735
0.235965 0.835382 0.408900
0.373413 0.303768 0.045630
0.468757 0.908884 0.475532
0.295366 0.509153 0.940214
0.256038 0.621027 0.462537
0.547787 0.025035 0.713131
0.823614 0.832310 0.175468
0.055738 0.465107 0.402505
0.043905 0.999678 0.009192
0.626196 0.520564 0.192688
0.929387 0.285380 0.423054
0.897539 0.132135 0.815650
0.167279 0.314078 0.232727
0.893162 0.893387 0.222054
0.736384 0.935667 0.459755
0.002629 0.959944 0.925982
0.371011 0.415811 0.289029
0.994350 0.383635 0.009523
0.838006 0.133269 0.777518
0.997032 0.298848 0.001144
0.001231 0.997015 0.780773
0.280448 0.716550 0.856750
0.957488 0.402178 0.658708
0.844839 0.562617 0.359345
0.569908 0.990790 0.183087
0.157577 0.951473 0.353483
0.944215 0.083305 0.323382
0.845726 0.002026 0.992693
0.858478 0.615256 0.148467
0.250670 0.612134 0.328209
0.066861 0.807541 0.845601
0.014010 0.983348 0.514381
0.618841 0.867208 0.963656
0.392043 0.584639 0.889172
0.153319 0.615308 0.781598
0.441481 0.998961 0.315265
0.678413 0.971117 0.950510
0.060952 0.009596 0.974808
0.637524 0.952574 0.844687
0.072035 0.630348 0.621721
0.232845 0.008488 0.998155
0.137008 0.973760 0.023280
0.355721 0.679066 0.782530
0.004142 0.573608 0.942289
0.095724 0.902304 0.364956
0.215412 0.932760 0.876473
0.807088 0.784159 0.681182
0.495891 0.525444 0.064016
0.825084 0.315743 0.583313
0.004060 0.959593 0.873364
0.003924 0.562369 0.988380
0.258707 0.978470 0.019971
0.849982 0.398193 0.729298
0.498269 0.294935 0.884279
0.992742 0.002713 0.799976
0.664196 0.545471 0.928629
0.955296 0.000866 0.970954
0.374290 0.951114 0.534982
0.195434 0.392544 0.148025
0.971994 0.962836 0.468516
0.316612 0.974502 0.164338
0.151639 0.749158 0.748037
0.729410 0.523369 0.415797
0.853046 0.698628 0.579139
0.678537 0.416574 0.109250
0.564055 0.221200 0.604595
0.539543 0.092568 0.764044
0.742324 0.997977 0.000933
0.787741 0.687624 0.519957
0.809391 0.520398 0.537746
0.469418 0.535526 0.872143
0.222219 0.862009 0.132137
0.992811 0.193186 0.013016
0.096110 0.191688 0.909381
0.560848 0.645923 0.232156
0.222157 0.086481 0.701527
0.547014 0.717206 0.512792
0.356278 0.512545 0.766912
0.112069 0.495424 0.449552
0.017907 0.279933 0.970467
0.928399 0.822425 0.781297
0.976308 0.222155 0.363084
0.002554 0.993324 0.790113
0.154148 0.831563 0.397445
0.102388 0.936787 0.503330
0.324943 0.239731 0.658830
0.000293 0.737773 0.998568
0.526990 0.280604 0.149111
0.313840 0.792787 0.803362
0.931445 0.757739 0.812970
0.816334 0.774497 0.290695
0.820538 0.893451 0.409467
0.087750 0.175281 0.847080
0.319420 0.619564 0.461736
0.882069 0.003583 0.985534
0.430256 0.231692 0.574431
0.555758 0.601296 0.019617
0.760005 0.985448 0.912889
0.121867 0.434284 0.398665
0.733432 0.299745 0.313024
0.583863 0.649658 0.062382
0.581578 0.577509 0.072754
0.869741 0.986032 0.604742
0.650955 0.740779 0.240016
0.612586 0.433792 0.024965
0.896633 0.107191 0.219030
0.735031 0.198986 0.415180
0.855630 0.963667 0.226325
0.283062 0.607943 0.242238
0.455758 0.758711 0.320474
0.003491 0.523067 0.995224
0.393492 0.503203 0.113449
0.909738 0.861974 0.175943
0.560973 0.764716 0.292466
0.943596 0.255047 0.590384
0.994469 0.005726 0.435447
0.068960 0.234913 0.172341
0.200098 0.499336 0.721586
0.195275 0.283050 0.620257
0.728911 0.620721 0.958590
0.119588 0.069675 0.831994
0.732287 0.186950 0.036030
0.658776 0.809547 0.909573
0.791816 0.307445 0.305852
0.074866 0.408049 0.426476
0.999290 0.003390 0.046037
0.993558 0.008305 0.498769
0.010902 0.999629 0.204556
0.007841 0.528911 0.988810
0.644745 0.788717 0.612828
0.982907 0.850032 0.547406
0.257141 0.972443 0.905223
0.654749 0.445253 0.755111
0.445176 0.383721 0.448813
0.265768 0.045377 0.223656
0.729511 0.044593 0.537768
0.912208 0.048037 0.901931
0.120624 0.415094 0.291595
0.013542 0.998598 0.216757
0.197923 0.455346 0.056510
0.472609 0.986225 0.537995
0.097100 0.750360 0.081565
0.534230 0.230752 0.544669
0.359628 0.399265 0.306983
0.995214 0.460621 0.106255
0.518954 0.864752 0.933991
0.968139 0.146990 0.540801
0.459588 0.036783 0.526727
0.358736 0.714717 0.909555
0.413862 0.583300 0.304994
0.128525 0.810160 0.500400
0.879023 0.338150 0.990822
0.475377 0.161722 0.960024
0.341583 0.393411 0.981055
0.309729 0.252210 0.636214
0.529089 0.955493 0.233770
0.343373 0.381929 0.065906
0.561157 0.988073 0.918769
0.919406 0.430547 0.196924
0.944080 0.040214 0.672524
0.992168 0.331286 0.860822
0.217075 0.189290 0.468258
0.622547 0.615302 0.671861
0.440346 0.027508 0.419446
0.626950 0.601326 0.217652
0.846424 0.334819 0.544699
0.173395 0.225643 0.482228
0.658062 0.229774 0.299645
0.204115 0.422021 0.184113
0.377646 0.826034 0.380842
0.413360 0.873531 0.227880
0.961673 0.962949 0.872321
0.363902 0.835191 0.099735
0.039822 0.670448 0.889287
0.094723 0.880835 0.989755
0.058498 0.836149 0.454746
0.700999 0.874976 0.447523
0.984268 0.000378 0.991536
0.963485 0.693472 0.213241
0.090744 0.366541 0.670638
0.601551 0.391160 0.001820
0.073176 0.855620 0.839455
0.458602 0.553799 0.373797
0.939357 0.373972 0.930978
0.835092 0.296346 0.624919
0.964066 0.001666 0.865532
0.166628 0.400611 0.442662
0.504686 0.681364 0.795680
0.802533 0.998904 0.000391
0.181541 0.668928 0.572393
0.346608 0.455455 0.436696
0.996418 0.004438 0.245230
0.355165 0.092709 0.624940
0.998994 0.325022 0.280666
0.564004 0.998106 0.073112
0.998305 0.786950 0.000159
0.693026 0.812707 0.991039
0.658509 0.805823 0.197707
0.201412 0.649084 0.930399
0.947361 0.406756 0.788896
0.603586 0.865550 0.845791
0.533051 0.513091 0.722263
0.281091 0.441904 0.687945
0.449478 0.036340 0.264787
0.217475 0.140693 0.175802
0.011103 0.755078 0.700540
0.999133 0.067964 0.000079
0.010512 0.339183 0.974196
0.133288 0.808673 0.730434
0.517239 0.530017 0.897354
0.975005 0.865376 0.469276
0.643646 0.390945 0.483137
0.002492 0.897850 0.949161
0.044876 0.085448 0.425240
0.849294 0.000993 0.996419
0.013437 0.999463 0.111049
0.016996 0.536093 0.957191
0.995286 0.011269 0.036228
0.979337 0.850447 0.945542
0.279951 0.038807 0.786582
0.312437 0.865912 0.406509
0.560630 0.110721 0.603652
0.994509 0.005261 0.380041
0.390858 0.992929 0.276140
0.120482 0.198455 0.396187
0.111688 0.777733 0.658424
0.320594 0.151657 0.242909
0.511998 0.755035 0.790054
0.098302 0.248296 0.779738
0.400809 0.673660 0.096537
0.005162 0.531006 0.982548
0.249968 0.007246 0.975025
0.012981 0.994568 0.499736
0.250970 0.645504 0.616267
0.838704 0.576509 0.553196
0.449346 0.665373 0.549261
0.097777 0.641688 0.516769
0.996493 0.005128 0.053306
0.404526 0.949805 0.331167
0.994510 0.004049 0.659413
0.267847 0.373087 0.413504
0.326029 0.696809 0.039520
0.713294 0.943918 0.399031
0.387627 0.232862 0.732698
0.069466 0.068424 0.261822
0.927566 0.706707 0.536129
0.999520 0.002606 0.133347
0.672278 0.639316 0.748964
0.000109 0.982663 0.959901
0.012477 0.366397 0.973879
0.289399 0.332822 0.251076
0.191216 0.329652 0.733646
0.131648 0.469226 0.982995
0.410547 0.605275 0.974504
0.033265 0.568321 0.624359
0.188827 0.561854 0.443632
0.993509 0.003633 0.726254
0.962331 0.002392 0.882281
0.413118 0.258006 0.837406
0.618913 0.690422 0.966514
0.142222 0.821168 0.114286
0.375131 0.399581 0.126920
0.923520 0.220739 0.833273
0.846692 0.536834 0.882255
0.954171 0.002959 0.940843
0.454700 0.244320 0.851009
0.382870 0.885368 0.027639
0.991759 0.000519 0.907799
0.414188 0.963563 0.010082
0.002594 0.999897 0.290523
0.517473 0.495972 0.638490
0.794871 0.839931 0.493232
0.996080 0.153772 0.007371
0.000207 0.979484 0.989989
0.923214 0.154554 0.099728
0.902422 0.752046 0.896072
0.317726 0.330241 0.345503
0.285660 0.998929 0.012219
0.640774 0.549472 0.096661
0.712664 0.326719 0.529842
0.941609 0.002507 0.989914
0.847904 0.442629 0.952668
0.739864 0.738239 0.334706
0.860033 0.261690 0.585749
0.715096 0.584720 0.446691
0.926043 0.838270 0.751763
0.760540 0.892265 0.521819
0.947485 0.906035 0.971890
0.857438 0.706740 0.479326
0.585571 0.687556 0.422043
0.265841 0.956528 0.164900
0.270459 0.782895 0.061083
0.408181 0.016673 0.470039
0.218527 0.262743 0.177843
0.730811 0.255570 0.576933
0.001638 0.962287 0.947909
0.983770 0.837890 0.927032
0.320527 0.686111 0.232596
0.002499 0.992859 0.937417
0.851230 0.749941 0.182349
0.997251 0.137558 0.006750
0.996458 0.327853 0.002010
0.935224 0.343518 0.220730
0.238188 0.499163 0.553843
0.994320 0.314941 0.011887
0.644824 0.949825 0.396348
0.422487 0.391344 0.241556
0.636397 0.900741 0.494805
0.427435 0.573771 0.885777
0.354834 0.167723 0.146905
0.004097 0.999795 0.511120
0.594947 0.583281 0.500142
0.081328 0.012397 0.540316
0.979314 0.213310 0.904350
0.069005 0.971937 0.750853
0.775719 0.081095 0.980211
0.570957 0.654699 0.444146
0.013828 0.839680 0.562588
0.033462 0.997157 0.189078
0.959051 0.864096 0.267490
0.728282 0.783023 0.928590
0.790810 0.331219 0.677166
0.316635 0.376747 0.678514
0.772403 0.950694 0.245217
0.005495 0.954039 0.921204
0.246488 0.722436 0.777184
0.002786 0.999833 0.132515
0.822709 0.003912 0.994713
0.033628 0.228492 0.887978
0.003854 0.980597 0.708836
0.475237 0.006665 0.957651
0.908824 0.821446 0.330089
0.747959 0.231942 0.872199
0.421500 0.598067 0.736840
0.009804 0.068889 0.998507
0.536892 0.999646 0.710605
0.032046 0.997727 0.182415
0.631428 0.634287 0.426009
0.676179 0.756184 0.087078
0.985046 0.000005 0.998157
0.951686 0.576162 0.231272
0.000253 0.932261 0.980459
0.604418 0.000117 0.996973
0.126278 0.735898 0.421340
0.728138 0.092664 0.942131
0.042724 0.038528 0.972909
0.201634 0.177786 0.290730
0.018978 0.186480 0.976784
0.001188 0.101665 0.998816
0.294164 0.229951 0.184027
0.870692 0.155633 0.587907
0.268796 0.818945 0.017287
0.164664 0.008663 0.997610
0.436218 0.465290 0.977991
0.721670 0.456498 0.033666
0.731569 0.985013 0.787183
0.536871 0.453049 0.649442
0.994657 0.008673 0.040276
0.710141 0.313359 0.200251
0.479852 0.573289 0.172403
0.489914 0.445298 0.367084
0.812269 0.364773 0.042251
0.403543 0.173751 0.323018
0.988784 0.349889 0.253330
0.329361 0.010222 0.835514
0.831208 0.285799 0.266577
0.955000 0.777034 0.869214
0.371511 0.255317 0.172335
0.222888 0.986309 0.096511
0.192555 0.094581 0.543943
0.004186 0.555874 0.525307
0.755193 0.403475 0.844094
0.020396 0.999187 0.186369
0.208128 0.248912 0.820411
0.608200 0.516722 0.283805
0.700913 0.575937 0.635151
0.878665 0.863610 0.647710
0.688068 0.330253 0.185611
0.312599 0.367336 0.834299
0.018183 0.391047 0.954264
0.055130 0.995453 0.042532
0.701791 0.141759 0.588223
0.024276 0.376846 0.955886
0.909427 0.985741 0.601593
0.727732 0.847354 0.042429
0.495361 0.414865 0.893389
0.689224 0.815387 0.616094
0.008059 0.544998 0.951468
0.485644 0.780892 0.206972
0.774520 0.779827 0.460477
0.130049 0.037869 0.833793
0.739050 0.806008 0.973327
0.287168 0.541067 0.721200
0.208803 0.064278 0.667213
0.184528 0.478977 0.336881
0.934111 0.975612 0.744587
0.997660 0.443754 0.000824
0.607943 0.545839 0.050163
0.690081 0.366034 0.787815
0.150585 0.674229 0.329882
0.823460 0.043740 0.223564
0.703772 0.861355 0.792544
0.844793 0.028765 0.406393
0.975591 0.147592 0.366737
0.572667 0.134528 0.272392
0.500746 0.600651 0.222931
0.202131 0.249825 0.210878
0.577960 0.456195 0.248557
0.283602 0.195522 0.057779
0.661950 0.204658 0.399972
0.784295 0.536331 0.657931
0.278415 0.749134 0.483938
0.995821 0.241604 0.008104
0.074461 0.925459 0.037128
0.293732 0.121265 0.473362
0.370692 0.792405 0.756066
0.013571 0.289584 0.974595
0.336725 0.639404 0.229312
0.003927 0.498367 0.994345
0.267206 0.956705 0.467447
0.275878 0.925358 0.886885
0.551971 0.272533 0.092764
0.056780 0.003997 0.998982
0.154304 0.270766 0.157655
0.434488 0.768355 0.323042
0.007581 0.505739 0.993518
0.562502 0.997848 0.006159
0.825530 0.220994 0.872728
0.989154 0.004262 0.755965
0.707739 0.454686 0.466262
0.880332 0.878818 0.439022
0.955746 0.615121 0.140377
0.939887 0.313956 0.946292
0.453419 0.486933 0.066134
0.909157 0.009383 0.150752
0.445201 0.385849 0.287517
0.137326 0.187777 0.184670
0.335018 0.818970 0.372208
0.996195 0.002350 0.365669
0.029627 0.420120 0.951832
0.998823 0.159339 0.000063
0.522891 0.386120 0.425290
0.643032 0.378285 0.394252
0.901517 0.682331 0.100264
0.305013 0.862981 0.490468
0.995853 0.084026 0.008953
0.471293 0.900821 0.599005
0.655909 0.736100 0.638807
0.668608 0.028232 0.392858
0.333738 0.351977 0.770830
0.004091 0.529719 0.984629
0.995207 0.003219 0.674341
0.989184 0.003365 0.806901
0.010077 0.998771 0.349352
0.976677 0.193957 0.278260
0.909767 0.590084 0.519867
0.478583 0.545324 0.175030
0.750731 0.271397 0.928575
0.643028 0.113937 0.610761
0.017494 0.429529 0.962714
0.933500 0.002999 0.944304
0.199579 0.258703 0.048672
0.958402 0.001307 0.959427
0.996612 0.770446 0.001503
0.372136 0.472638 0.902148
0.732914 0.249429 0.583128
0.099597 0.643734 0.624854
0.314627 0.066102 0.954483
0.975809 0.570716 0.917156
0.301613 0.004028 0.994949
0.059100 0.620179 0.615468
0.462880 0.806874 0.606805
0.972490 0.003258 0.854261
0.332998 0.935972 0.668823
0.004901 0.994585 0.503534
0.223749 0.730076 0.203519
0.069925 0.776367 0.076906
0.000759 0.371378 0.996087
0.215336 0.558396 0.494648
0.288810 0.497743 0.682742
0.320617 0.549395 0.992783
0.615815 0.678149 0.525672
0.980541 0.971231 0.643288
0.581998 0.547754 0.268464
0.290479 0.307858 0.418702
0.930922 0.351512 0.761703
0.182977 0.883304 0.376363
0.209905 0.347550 0.566249
0.116908 0.592994 0.852315
0.335633 0.911197 0.345510
0.702241 0.016062 0.539568
0.628224 0.335565 0.544114
0.045052 0.964834 0.259020
0.030255 0.991207 0.378602
0.058489 0.857099 0.412955
0.075467 0.634947 0.298687
0.658244 0.854695 0.944849
0.263414 0.698039 0.419353
0.740611 0.168324 0.211443
0.004375 0.355876 0.995522
0.834524 0.036226 0.783580
0.682816 0.980440 0.663217
0.056938 0.743899 0.715112
0.891872 0.156846 0.321024
0.626214 0.121325 0.860767
0.495188 0.042552 0.129744
0.945001 0.215398 0.124738
0.836819 0.246367 0.408556
0.050378 0.008744 0.999619
0.132506 0.951804 0.102477
0.003819 0.999366 0.743485
0.823154 0.674313 0.463209
0.551729 0.759966 0.181715
0.008624 0.998812 0.287025
0.766742 0.713773 0.108978
0.081377 0.949432 0.033888
0.577910 0.621400 0.723749
0.332738 0.240237 0.484581
0.000328 0.894250 0.958910
0.764304 0.281223 0.959908
0.002821 0.885467 0.946960
0.247872 0.853700 0.857429
0.854931 0.179798 0.816081
0.554251 0.361244 0.279216
0.496251 0.481541 0.650636
0.792553 0.278979 0.198753
0.003872 0.989954 0.599973
0.211335 0.030384 0.453446
0.296843 0.093393 0.615548
0.949551 0.656180 0.264573
0.225529 0.307036 0.926612
0.016182 0.291322 0.969804
0.802943 0.586476 0.430591
0.564635 0.338980 0.695220
0.324865 0.562148 0.737919
0.988764 0.000083 0.933793
0.193724 0.691236 0.649257
0.718441 0.669160 0.600203
0.211823 0.075012 0.223928
0.144304 0.285259 0.328997
0.958170 0.493849 0.711689
0.626016 0.234806 0.157038
0.975021 0.202864 0.531660
0.324294 0.246263 0.307098
0.044077 0.065707 0.458636
0.342161 0.316900 0.863094
0.026256 0.428704 0.931486
0.991438 0.672143 0.035223
0.256512 0.014752 0.388732
0.054997 0.006648 0.998633
0.607828 0.765663 0.041813
0.918120 0.003808 0.943382
0.276692 0.998564 0.013593
0.971036 0.436057 0.917786
0.245629 0.579102 0.112371
0.754325 0.826666 0.425185
0.738678 0.969581 0.489244
0.992913 0.383794 0.003144
0.538166 0.767829 0.362354
0.260312 0.259007 0.858551
0.423334 0.807831 0.746008
0.840197 0.150011 0.206549
0.277002 0.576250 0.120505
0.279975 0.046924 0.146708
0.675697 0.276317 0.026365
0.923431 0.906021 0.703034
0.001887 0.411537 0.995875
0.893069 0.568402 0.754761
0.002520 0.119339 0.998006
0.967251 0.233900 0.225596
0.714132 0.620098 0.992845
0.768412 0.647788 0.398036
0.709631 0.047952 0.371049
0.686732 0.449594 0.916351
0.058944 0.994930 0.039128
0.598013 0.682925 0.821897
0.203777 0.956808 0.334272
0.409486 0.121668 0.514811
0.995917 0.633572 0.251125
0.540829 0.448106 0.972802
0.617958 0.408839 0.394581
0.899019 0.024121 0.688877
0.643401 0.577697 0.890809
0.490564 0.968531 0.108289
0.893335 0.311903 0.673022
0.171171 0.396382 0.752686
0.600802 0.922096 0.592892
0.020607 0.999416 0.152084
0.021816 0.999297 0.114597
0.947763 0.610879 0.523164
0.874628 0.869297 0.941728
0.469283 0.544813 0.967603
0.993631 0.008439 0.425606
0.028898 0.984067 0.204123
0.903850 0.576233 0.313620
0.015829 0.275560 0.971969
0.004776 0.365720 0.994816
0.651231 0.775465 0.954865
0.547645 0.481052 0.191266
0.361182 0.211073 0.654425
0.247960 0.044428 0.167738
0.132490 0.625700 0.166454
0.004555 0.931506 0.640942
0.815471 0.949039 0.949327
0.965239 0.307172 0.317237
0.950132 0.992567 0.001451
0.553974 0.339983 0.207061
0.539142 0.352622 0.855058
0.746142 0.595026 0.052599
0.492295 0.238506 0.522123
0.382382 0.249671 0.753906
0.702008 0.331805 0.162234
0.990275 0.655128 0.001588
0.395948 0.239705 0.160289
0.894307 0.101633 0.133006
0.671359 0.843864 0.379803
0.678468 0.082284 0.842535
0.444859 0.758729 0.983179
0.014188 0.285170 0.974026
0.954835 0.002135 0.910011
0.553763 0.230370 0.132043
0.439298 0.915057 0.197684
0.571823 0.313791 0.441223
0.473406 0.998353 0.000463
0.997372 0.118674 0.003808
0.048549 0.546550 0.039356
0.162801 0.284655 0.049710
0.927280 0.128031 0.574504
0.979356 0.889884 0.094054
0.801251 0.940520 0.178061
0.876496 0.703714 0.414665
0.264108 0.084432 0.026291
0.551646 0.481900 0.695414
0.911630 0.200271 0.560659
0.195991 0.851818 0.471505
0.616544 0.546356 0.930589
0.007537 0.922912 0.910537
0.801966 0.376146 0.740151
0.225517 0.363543 0.733090
0.003196 0.642150 0.954862
0.003810 0.942858 0.896676
0.743331 0.284281 0.828350
0.814965 0.765523 0.982898
0.003573 0.956826 0.897641
0.861177 0.520702 0.470525
0.210086 0.544676 0.645298
0.362737 0.333969 0.740604
0.028945 0.319206 0.960518
0.568163 0.380151 0.038051
0.225983 0.252948 0.488853
0.544446 0.998310 0.004098
0.356677 0.581302 0.043489
0.356845 0.781304 0.517803
0.174389 0.292061 0.031240
0.010933 0.271104 0.975571
0.687402 0.322348 0.931352
0.287937 0.110916 0.452942
0.982907 0.316315 0.457082
0.994645 0.004347 0.414801
0.481210 0.353622 0.483637
0.174423 0.446414 0.440615
0.397279 0.708205 0.430589
0.160238 0.844172 0.934278
0.017877 0.344828 0.957871
0.147258 0.489680 0.519438
0.946018 0.003878 0.916361
0.562510 0.863138 0.573086
0.554405 0.152766 0.139343
0.652699 0.442209 0.038000
0.312621 0.997735 0.008628
0.852888 0.946066 0.001457
0.683493 0.109221 0.620849
0.846169 0.973863 0.203761
0.720584 0.704105 0.398663
0.159644 0.127617 0.673504
0.041529 0.768466 0.805242
0.103853 0.520762 0.509487
0.306175 0.351461 0.271109
0.893274 0.504369 0.946636
0.573105 0.563655 0.162419
0.566148 0.605569 0.504801
0.412168 0.461623 0.052059
0.017880 0.996714 0.384450
0.457572 0.805154 0.701763
0.613122 0.037108 0.206109
0.045655 0.984941 0.097351
0.749488 0.712429 0.170958
0.915189 0.508923 0.990861
0.032514 0.347630 0.934382
0.201037 0.271722 0.129318
0.608392 0.502163 0.403772
0.303350 0.054222 0.766165
0.666566 0.648449 0.327638
0.662987 0.751778 0.983817
0.993040 0.139731 0.015967
0.037903 0.999250 0.078040
0.580020 0.086768 0.981962
0.492716 0.561843 0.022674
0.772039 0.496749 0.085522
0.032761 0.357729 0.921233
0.925564 0.949949 0.332920
0.676405 0.122546 0.233881
0.314027 0.000767 0.997646
0.412718 0.503769 0.351988
0.466046 0.499612 0.856794
0.336701 0.330332 0.509052
0.017764 0.516348 0.959385
0.026256 0.998060 0.136581
0.663238 0.876464 0.680546
0.002939 0.992903 0.872280
0.347357 0.236684 0.547361
0.344575 0.704704 0.518973
