0.988924 0.000862
0.002252 0.996392
0.988163 0.005137
0.987038 0.008233
0.000618 0.998838
0.987921 0.007701
0.988482 0.005045
0.987085 0.008211
0.007165 0.996039
0.991132 0.000556
0.002095 0.996868
0.000755 0.997271
0.990376 0.000617
0.984168 0.008365
0.998175 0.000313
0.981905 0.008584
0.134772 0.101884
0.990945 0.000589
0.987660 0.008104
0.000370 0.999290
0.999802 0.000009
0.988054 0.005229
0.988853 0.002040
0.988840 0.002248
0.983988 0.008366
0.010819 0.996017
0.005168 0.996368
0.005386 0.996354
0.006652 0.996347
0.988750 0.004710
0.998321 0.000267
0.995309 0.000425
0.001606 0.997101
0.987465 0.008149
0.988561 0.004939
0.001170 0.997206
0.000335 0.999342
0.983736 0.008498
0.998744 0.000061
0.987934 0.007084
0.988783 0.003416
0.993918 0.000466
0.988677 0.004920
0.988805 0.002886
0.983276 0.008554
0.987980 0.005350
0.987787 0.008092
0.000594 0.998925
0.001737 0.997033
0.990099 0.000653
0.988085 0.005229
0.987941 0.006222
0.997874 0.000323
0.365076 0.050473
0.000998 0.997235
0.987927 0.007426
0.998652 0.000102
0.998322 0.000206
0.984415 0.008295
0.981868 0.008642
0.000742 0.997799
0.010843 0.946082
0.010888 0.883029
0.010836 0.991226
0.010831 0.992773
0.010851 0.914713
0.010880 0.889203
0.987485 0.008137
0.010852 0.913513
0.010847 0.919670
0.987901 0.007805
0.998381 0.000206
0.985706 0.008236
0.988764 0.004423
0.999399 0.000036
0.010846 0.921009
0.010842 0.966577
0.985395 0.008289
0.010846 0.919942
0.004815 0.996383
0.000642 0.997926
0.010861 0.906855
0.000124 0.999824
0.992269 0.000484
0.007092 0.996121
0.010895 0.190792
0.982296 0.008564
0.989711 0.000775
0.984251 0.008300
0.006700 0.996316
0.944814 0.008770
0.933324 0.008770
0.976290 0.008682
0.882054 0.008856
0.010893 0.823353
0.511921 0.009002
0.873345 0.008965
0.855555 0.008970
0.917175 0.008816
0.334402 0.100230
