0.992773 0.867981 0.013199 0.277674 0.348401
0.003231 0.918431 0.450236 0.029998 0.995821
0.951456 0.983118 0.169817 0.690948 0.001301
0.975471 0.161158 0.960187 0.037314 0.068131
0.404248 0.202700 0.691743 0.146931 0.210005
0.312122 0.587700 0.066064 0.998768 0.039892
0.927014 0.482718 0.000228 0.736043 0.922602
0.848549 0.468153 0.387983 0.003387 0.995313
0.095591 0.001629 0.630257 0.454582 0.368427
0.305895 0.001338 0.987684 0.909212 0.548265
0.411610 0.120619 0.999327 0.651023 0.036726
0.003514 0.532502 0.814790 0.488388 0.996278
0.080041 0.593766 0.016648 0.986935 0.743495
0.003308 0.139922 0.358628 0.994314 0.942741
0.000258 0.983964 0.726877 0.845800 0.780197
0.026395 0.999841 0.050509 0.337548 0.116232
0.126157 0.011766 0.852115 0.999513 0.336997
0.224364 0.132501 0.017211 0.728580 0.987329
0.002879 0.246483 0.541808 0.979248 0.896506
0.018551 0.059486 0.187091 0.562557 0.311116
0.089332 0.692404 0.024934 0.989988 0.363811
0.114539 0.999866 0.714370 0.640018 0.033618
0.002293 0.678723 0.339218 0.985849 0.874443
0.996544 0.160111 0.726159 0.914332 0.011331
0.250310 0.007048 0.604885 0.997266 0.743525
0.021152 0.028435 0.725904 0.986002 0.942991
0.887029 0.937629 0.899642 0.001845 0.058651
0.236232 0.134033 0.996642 0.890527 0.026794
0.497312 0.035559 0.004399 0.789113 0.999250
0.389132 0.000298 0.800657 0.745330 0.669215
0.974298 0.429996 0.627377 0.819006 0.010423
0.573230 0.999265 0.050000 0.000101 0.438651
0.000560 0.945598 0.422991 0.612135 0.979591
0.836623 0.369424 0.002016 0.878963 0.971161
0.075731 0.996545 0.017817 0.705825 0.332896
0.956108 0.394111 0.009273 0.308544 0.948892
0.417449 0.677100 0.999331 0.531288 0.006308
0.267005 0.394888 0.018251 0.465363 0.988235
0.211339 0.000678 0.453411 0.092371 0.994580
0.945602 0.034339 0.930410 0.052569 0.280192
0.725826 0.029382 0.998792 0.173157 0.302429
0.518070 0.000286 0.563507 0.904073 0.932710
0.972265 0.002402 0.994561 0.211159 0.503766
0.067976 0.043679 0.927805 0.212317 0.989516
0.782691 0.419525 0.995700 0.682843 0.000006
0.984816 0.088287 0.788000 0.023613 0.602900
0.987006 0.276147 0.040719 0.788559 0.047487
0.066222 0.696605 0.072987 0.999648 0.233187
0.255226 0.107715 0.025672 0.190506 0.487463
0.859150 0.997171 0.008607 0.045883 0.302171
0.000239 0.877802 0.321085 0.986233 0.013467
0.948964 0.000307 0.830894 0.389903 0.698223
0.896353 0.038988 0.025170 0.817925 0.946429
0.003052 0.079574 0.303873 0.922963 0.992499
0.942108 0.999993 0.466267 0.005034 0.072500
0.086674 0.608090 0.924163 0.013263 0.985800
0.033676 0.224589 0.020113 0.736736 0.999765
0.873821 0.114282 0.072308 0.188541 0.239819
0.698234 0.321987 0.000347 0.873639 0.979688
0.135754 0.478127 0.028431 0.112399 0.995854
0.094455 0.999546 0.036569 0.109311 0.289443
0.751227 0.748231 0.979419 0.904493 0.000338
0.093738 0.685889 0.670954 0.014122 0.994314
0.812886 0.989344 0.017578 0.323145 0.210404
0.001590 0.849005 0.085310 0.810506 0.992634
0.998398 0.111783 0.009860 0.817889 0.945361
0.063699 0.531561 0.542552 0.022013 0.997825
0.948466 0.875809 0.008156 0.797376 0.046090
0.238780 0.074039 0.030339 0.701790 0.945258
0.954197 0.215967 0.019920 0.370184 0.998999
0.298199 0.647768 0.372108 0.997309 0.023230
0.530176 0.022151 0.189619 0.440116 0.306162
0.968693 0.411039 0.018159 0.238930 0.894915
0.032378 0.201695 0.970363 0.308544 0.930268
0.898287 0.961414 0.832574 0.000066 0.074180
0.046409 0.185611 0.999137 0.100370 0.524769
0.115026 0.705583 0.987390 0.598829 0.106988
0.294954 0.131327 0.996976 0.479414 0.053377
0.988326 0.099000 0.623918 0.087664 0.438160
0.083013 0.666871 0.204237 0.399784 0.158863
0.005711 0.217032 0.889636 0.881224 0.064618
0.322199 0.701995 0.015426 0.320564 0.213063
0.256621 0.821053 0.348007 0.215184 0.021280
0.070071 0.240729 0.037547 0.764689 0.992024
0.010047 0.989978 0.821776 0.043527 0.722944
0.610329 0.993851 0.007809 0.453211 0.993441
0.485036 0.005652 0.167949 0.374672 0.886876
0.232567 0.696870 0.588871 0.247994 0.017434
0.947348 0.063044 0.910096 0.052160 0.720827
0.092138 0.039863 0.735100 0.653373 0.997467
0.603481 0.533651 0.362075 0.885717 0.001772
0.234564 0.508132 0.016702 0.539164 0.993460
0.000463 0.312947 0.362738 0.557862 0.997648
0.979689 0.087890 0.011035 0.874317 0.280551
0.219625 0.659082 0.999756 0.416785 0.040085
0.021195 0.623527 0.996088 0.360021 0.401390
0.827934 0.993299 0.011343 0.258682 0.006030
0.969763 0.141458 0.057461 0.970001 0.097435
0.126117 0.721134 0.981789 0.890409 0.023061
0.115194 0.845836 0.399527 0.019320 0.008595
0.022979 0.564067 0.065308 0.972094 0.964969
0.087921 0.585555 0.320742 0.166419 0.318516
0.154906 0.796222 0.272889 0.018191 0.999447
0.182061 0.261021 0.040357 0.191722 0.996337
0.015182 0.709191 0.453243 0.998077 0.032114
0.721801 0.043488 0.483418 0.121328 0.062808
0.492013 0.673189 0.003689 0.465300 0.881997
0.792954 0.341331 0.989104 0.011018 0.226212
0.114022 0.174560 0.997963 0.093431 0.261841
0.001758 0.166071 0.895349 0.439205 0.975489
0.016783 0.137497 0.641180 0.874601 0.994520
0.886632 0.977235 0.426232 0.710681 0.006653
0.447565 0.077481 0.124021 0.451255 0.542781
0.006018 0.155872 0.096002 0.473570 0.181232
0.994909 0.054010 0.035193 0.857993 0.938028
0.930194 0.059587 0.045722 0.703935 0.922024
0.117642 0.011864 0.299257 0.582111 0.619567
0.100135 0.613144 0.488687 0.014917 0.994638
0.991633 0.157050 0.985976 0.386152 0.008281
0.889893 0.529942 0.079974 0.985895 0.003512
0.951691 0.102422 0.018642 0.904114 0.915946
0.779411 0.872749 0.914789 0.000178 0.766665
0.977545 0.176057 0.121408 0.006554 0.984401
0.804500 0.667785 0.022738 0.009342 0.982179
0.964307 0.058768 0.974255 0.040459 0.407977
0.378573 0.999414 0.005079 0.456335 0.007244
0.724588 0.005546 0.558292 0.995231 0.445054
0.988924 0.443117 0.621994 0.969893 0.003944
0.351213 0.299230 0.280087 0.999658 0.001414
0.161616 0.611672 0.920414 0.013943 0.995686
0.996460 0.667773 0.004871 0.133781 0.815347
0.714376 0.994988 0.652655 0.935081 0.000472
0.039904 0.042156 0.970360 0.211137 0.962207
0.769503 0.220449 0.004072 0.392724 0.069896
0.351972 0.194436 0.001034 0.985223 0.966065
0.805064 0.057741 0.021282 0.777292 0.975778
0.093199 0.996219 0.169944 0.044830 0.505290
0.413074 0.060453 0.997265 0.368294 0.385275
0.997747 0.931502 0.003113 0.087163 0.213662
0.053944 0.810045 0.071969 0.058015 0.202769
0.000002 0.630426 0.987090 0.807353 0.993962
0.995530 0.105666 0.550750 0.056628 0.587215
0.995536 0.052010 0.255580 0.358817 0.473772
0.161280 0.068326 0.061256 0.494620 0.155928
0.161420 0.569033 0.059670 0.998808 0.002689
0.971357 0.524070 0.008638 0.276637 0.985604
0.062036 0.135006 0.995425 0.421184 0.358034
0.009691 0.375299 0.688698 0.368013 0.197174
0.022280 0.590036 0.816650 0.995748 0.044196
0.980706 0.736295 0.902519 0.147525 0.008783
0.002400 0.946339 0.050428 0.524937 0.990499
0.828513 0.084609 0.992850 0.009420 0.549206
0.055904 0.761688 0.384450 0.246706 0.053410
0.006916 0.444898 0.964544 0.000782 0.999311
0.310080 0.997690 0.010695 0.007467 0.723679
0.830431 0.335428 0.990572 0.088458 0.007161
0.448345 0.104203 0.489283 0.020516 0.994805
0.005912 0.368060 0.489597 0.604625 0.988014
0.089166 0.633858 0.851381 0.999270 0.013437
0.580277 0.205841 0.158858 0.008987 0.928277
0.736472 0.996258 0.618224 0.005126 0.664824
0.169424 0.102687 0.106116 0.896066 0.039342
0.955312 0.161638 0.019697 0.608859 0.864440
0.297845 0.063170 0.695862 0.061589 0.663021
0.008726 0.790381 0.423791 0.994544 0.015471
0.575552 0.277141 0.448763 0.004569 0.998664
0.155463 0.163363 0.212043 0.056052 0.536801
0.290993 0.225476 0.639487 0.397108 0.121542
0.678830 0.174732 0.696675 0.018162 0.116062
0.984674 0.003430 0.920682 0.054777 0.276272
0.999932 0.243761 0.751547 0.173781 0.019637
0.999165 0.472614 0.127820 0.799431 0.001268
0.000802 0.565513 0.843856 0.992772 0.488664
0.280255 0.220598 0.011837 0.278408 0.996024
0.994430 0.926745 0.474007 0.863386 0.002138
0.100605 0.350072 0.115006 0.279837 0.665429
0.108368 0.032495 0.911802 0.071838 0.973287
0.031591 0.447943 0.325930 0.431549 0.994694
0.839076 0.997693 0.366687 0.841538 0.000722
0.970520 0.165108 0.015144 0.715229 0.934411
0.090233 0.648212 0.079381 0.993093 0.170697
0.039346 0.284765 0.083300 0.933980 0.995962
0.121007 0.025805 0.999603 0.880329 0.061593
0.039136 0.958273 0.998132 0.164351 0.297347
0.235478 0.655831 0.087943 0.309299 0.009287
0.984980 0.654557 0.235312 0.795366 0.003314
0.099570 0.742214 0.118229 0.203281 0.993351
0.841501 0.296394 0.507386 0.994649 0.013403
0.245455 0.128240 0.658149 0.525056 0.023114
0.996379 0.006837 0.058922 0.618822 0.957762
0.002605 0.912075 0.771555 0.831383 0.828529
0.546623 0.998623 0.509346 0.771323 0.003745
0.720809 0.714349 0.004100 0.160039 0.986189
0.001711 0.928664 0.998155 0.847114 0.494004
0.000445 0.294370 0.589346 0.754132 0.956873
0.035827 0.980046 0.035111 0.940092 0.357575
0.055890 0.685411 0.411832 0.027589 0.537121
0.232113 0.008574 0.046786 0.122399 0.814823
0.902742 0.091343 0.005013 0.415958 0.992845
0.973041 0.724290 0.573878 0.005686 0.182456
0.780054 0.013401 0.998200 0.415101 0.374396
0.004381 0.816504 0.972839 0.032783 0.656564
0.440053 0.031536 0.635261 0.851885 0.059125
0.172382 0.083998 0.067700 0.219168 0.206397
0.861842 0.008584 0.517206 0.992805 0.463521
0.764072 0.770797 0.898271 0.861306 0.001906
0.990829 0.992070 0.063415 0.981169 0.007016
0.575467 0.046559 0.326585 0.114671 0.022206
0.558553 0.063798 0.995458 0.525538 0.003454
0.112867 0.084078 0.490608 0.180567 0.303246
0.874614 0.958455 0.001962 0.595186 0.463229
0.297653 0.002853 0.105417 0.252101 0.995395
0.217057 0.985243 0.457095 0.996649 0.001727
0.972004 0.988864 0.174472 0.002676 0.876951
0.314928 0.786814 0.108916 0.994076 0.001041
0.115826 0.961715 0.036728 0.606434 0.142282
0.000547 0.623135 0.992277 0.560427 0.663856
0.632416 0.228805 0.997668 0.039969 0.149172
0.000269 0.958525 0.917827 0.585781 0.969545
0.009247 0.784794 0.997307 0.677041 0.128996
0.429143 0.424682 0.007547 0.784532 0.986552
0.933777 0.001198 0.871847 0.306821 0.885566
0.826421 0.207227 0.624303 0.031792 0.266735
0.000794 0.931234 0.140424 0.742411 0.989313
0.036639 0.001431 0.995094 0.834517 0.830295
0.854502 0.943944 0.859892 0.004971 0.226529
0.001022 0.860359 0.989252 0.137687 0.899352
0.917002 0.002265 0.094656 0.274179 0.997886
0.159030 0.976361 0.831524 0.783333 0.008153
0.098259 0.370231 0.555250 0.340969 0.380178
0.104653 0.246831 0.030866 0.314157 0.999414
0.024360 0.636955 0.524595 0.236086 0.272703
0.256937 0.179994 0.999929 0.146595 0.144414
0.002522 0.988502 0.722133 0.480437 0.053289
0.950277 0.054231 0.841618 0.041285 0.558390
0.999585 0.090778 0.034876 0.798180 0.538141
0.993603 0.014632 0.823079 0.042238 0.790055
0.054591 0.783967 0.994573 0.016456 0.293694
0.140182 0.996914 0.045864 0.437368 0.318916
0.009926 0.529879 0.091278 0.998663 0.497078
0.006429 0.149947 0.688766 0.789626 0.969720
0.072170 0.171803 0.998998 0.264606 0.128520
0.002761 0.857110 0.716182 0.980302 0.018758
0.481041 0.601199 0.000706 0.535383 0.991974
0.391664 0.068467 0.551490 0.274388 0.335661
0.004898 0.451669 0.041596 0.992378 0.710533
0.472934 0.214792 0.085514 0.340208 0.202639
0.177394 0.017744 0.241440 0.116110 0.996366
0.523741 0.599780 0.028166 0.996452 0.040445
0.025601 0.979397 0.832622 0.123645 0.502028
0.843970 0.706488 0.036698 0.024217 0.974906
0.996301 0.410875 0.268914 0.812231 0.005877
0.004691 0.755233 0.074583 0.991505 0.874370
0.199765 0.402231 0.941816 0.008857 0.989284
0.582586 0.228207 0.493728 0.996804 0.001021
0.539657 0.560431 0.015627 0.236515 0.989106
0.009660 0.106254 0.568929 0.913674 0.999180
0.274338 0.097745 0.999426 0.813995 0.029489
0.187352 0.629304 0.014442 0.377039 0.050829
0.362885 0.996035 0.987334 0.000794 0.310205
0.067514 0.008937 0.991701 0.962244 0.510617
0.996251 0.007632 0.246576 0.323920 0.231359
0.991426 0.139475 0.762696 0.091153 0.370313
0.767397 0.063638 0.995591 0.059743 0.406963
0.033087 0.992858 0.955072 0.123113 0.324759
0.144003 0.101553 0.943643 0.780861 0.092963
0.033849 0.769622 0.078942 0.392573 0.340871
0.005313 0.996766 0.179855 0.307239 0.975010
0.986011 0.201990 0.662115 0.688071 0.009774
0.998800 0.226712 0.851447 0.016535 0.061958
0.237410 0.014539 0.548689 0.998189 0.042649
0.056999 0.634436 0.722649 0.000641 0.415297
0.033808 0.900038 0.012836 0.834163 0.939948
0.633373 0.000797 0.999539 0.040425 0.274503
0.966280 0.083020 0.741804 0.687395 0.000525
0.002631 0.912923 0.521433 0.866228 0.922930
0.953033 0.099417 0.737201 0.538887 0.016142
0.924114 0.978041 0.769968 0.045546 0.008135
0.928550 0.978597 0.443453 0.007448 0.352081
0.379503 0.037786 0.653659 0.022455 0.995271
0.884389 0.985293 0.296185 0.925819 0.003175
0.586227 0.014302 0.834984 0.999950 0.075993
0.716473 0.995723 0.000894 0.208966 0.620567
0.019174 0.451310 0.953987 0.145719 0.893757
0.995979 0.904633 0.003583 0.306619 0.689436
0.973230 0.568480 0.737106 0.669197 0.001493
0.007002 0.743941 0.980970 0.262600 0.563033
0.005626 0.003244 0.815264 0.333717 0.539206
0.250614 0.757907 0.986941 0.961320 0.003762
0.453984 0.424093 0.006844 0.987922 0.955323
0.133007 0.560153 0.102559 0.103467 0.538337
0.037563 0.937265 0.026352 0.981528 0.811324
0.802580 0.998960 0.002949 0.082845 0.391743
0.100099 0.622003 0.767708 0.992467 0.022411
0.996362 0.059551 0.074075 0.362314 0.503077
0.959229 0.043111 0.079605 0.989713 0.646090
0.001518 0.291200 0.974948 0.581092 0.971953
0.392196 0.029975 0.736079 0.651545 0.006084
0.984681 0.352922 0.800138 0.046306 0.066876
0.125064 0.046803 0.335318 0.049156 0.727615
0.703969 0.986123 0.888293 0.000178 0.280767
0.104769 0.058480 0.787803 0.380391 0.113078
0.783346 0.052103 0.004602 0.948600 0.992070
0.001331 0.711120 0.176383 0.036605 0.998332
0.267639 0.821098 0.591149 0.471855 0.002353
0.009002 0.733847 0.986971 0.787577 0.097373
0.842528 0.313876 0.000429 0.988872 0.754049
0.550362 0.067266 0.632257 0.338166 0.447658
0.120414 0.926481 0.974763 0.732777 0.006352
0.143894 0.851630 0.029146 0.467953 0.993573
0.002905 0.282470 0.796687 0.997295 0.032881
0.984757 0.479379 0.016596 0.123389 0.921746
0.478570 0.482435 0.000939 0.544362 0.999125
0.137688 0.786639 0.992877 0.155331 0.329742
0.092400 0.594401 0.144720 0.294764 0.640418
0.059123 0.523333 0.098536 0.175709 0.994374
0.261432 0.112195 0.998175 0.007622 0.565231
0.004537 0.207911 0.998496 0.332605 0.586730
0.111583 0.568623 0.393594 0.005059 0.996804
0.069465 0.984601 0.929847 0.008996 0.265637
0.006710 0.999008 0.280886 0.085206 0.615873
0.981311 0.793926 0.035773 0.006507 0.952632
0.035018 0.089738 0.151607 0.422359 0.120225
0.248551 0.244693 0.939764 0.160374 0.098938
0.136670 0.592682 0.013917 0.427980 0.997682
0.241212 0.281571 0.008852 0.973744 0.941225
0.006389 0.947318 0.052811 0.992712 0.416743
0.998097 0.006166 0.123189 0.995237 0.479586
0.749993 0.594903 0.013978 0.550617 0.974202
0.120084 0.910364 0.038219 0.555767 0.989234
0.993487 0.344888 0.162060 0.864666 0.024018
0.297246 0.825778 0.994491 0.034924 0.055774
0.290297 0.339720 0.992223 0.002482 0.633927
0.013814 0.384456 0.044627 0.864927 0.996109
0.118737 0.415369 0.993795 0.059346 0.546026
0.629501 0.181220 0.002600 0.627210 0.540307
0.934044 0.000995 0.282604 0.999291 0.332065
0.000996 0.991164 0.859363 0.539928 0.534795
0.969677 0.005878 0.912673 0.077098 0.424037
0.989168 0.190320 0.942078 0.005956 0.639610
0.092625 0.065121 0.908208 0.315096 0.966985
0.952105 0.936036 0.577339 0.525961 0.002427
0.011482 0.544314 0.471943 0.331981 0.988501
0.030260 0.087402 0.998295 0.105049 0.198154
0.046261 0.892538 0.925933 0.160577 0.509545
0.279389 0.471670 0.001501 0.987131 0.563175
0.022715 0.566035 0.330539 0.416220 0.437532
0.051723 0.706263 0.014863 0.981653 0.951438
0.757034 0.767518 0.596784 0.862410 0.003276
0.000333 0.757054 0.985902 0.619756 0.892155
0.980654 0.926400 0.016361 0.300682 0.057785
0.746333 0.620741 0.006450 0.615552 0.935458
0.002226 0.895416 0.974984 0.420911 0.890265
0.065007 0.489357 0.999656 0.048908 0.382228
0.966903 0.338241 0.013131 0.919498 0.058317
0.018717 0.913488 0.965511 0.018247 0.786470
0.155006 0.568530 0.953603 0.014696 0.954926
0.991626 0.122109 0.863707 0.006131 0.458951
0.524482 0.000490 0.130852 0.369504 0.626802
0.967624 0.066497 0.098318 0.066172 0.804012
0.235020 0.983603 0.011151 0.000800 0.969336
0.838060 0.648785 0.790392 0.988542 0.001580
0.170729 0.684327 0.992494 0.438239 0.048220
0.205661 0.328476 0.284004 0.451157 0.033194
0.101624 0.041496 0.984022 0.211788 0.938726
0.038008 0.478029 0.983472 0.095818 0.557182
0.984741 0.182822 0.966837 0.000070 0.966095
0.154066 0.960065 0.878146 0.012046 0.259650
0.336518 0.252993 0.127196 0.004647 0.956130
0.045179 0.210309 0.284606 0.329183 0.661466
0.984896 0.628445 0.010246 0.392091 0.204692
0.982247 0.011969 0.594979 0.979447 0.132149
0.533865 0.894993 0.005086 0.982983 0.026476
0.063064 0.639423 0.093615 0.263472 0.990910
0.955888 0.099012 0.712796 0.001011 0.713106
0.751711 0.864142 0.876035 0.002558 0.301787
0.087946 0.552647 0.992343 0.272295 0.120052
0.028065 0.187310 0.982097 0.289743 0.848853
0.051096 0.976401 0.912206 0.170375 0.183554
0.002011 0.513128 0.985100 0.656611 0.657423
0.026488 0.065298 0.994854 0.126073 0.681213
0.976258 0.994820 0.002779 0.422584 0.207813
0.408433 0.081099 0.027112 0.293408 0.995776
0.687702 0.027088 0.995643 0.606525 0.036894
0.139920 0.039492 0.708307 0.421182 0.285405
0.835955 0.134483 0.006511 0.580492 0.978247
0.396854 0.129567 0.943709 0.218701 0.229408
0.464348 0.001450 0.668397 0.632933 0.955410
0.606828 0.049632 0.998870 0.069043 0.502600
0.998463 0.032765 0.054452 0.706909 0.635103
0.083862 0.538925 0.995752 0.708230 0.080866
0.000739 0.480892 0.034852 0.967552 0.998888
0.719287 0.139676 0.998785 0.048360 0.169988
0.982628 0.320653 0.642709 0.040575 0.135275
0.994297 0.000818 0.465515 0.724178 0.201410
0.981683 0.390260 0.016148 0.995982 0.024187
0.303855 0.082883 0.999371 0.295229 0.498116
0.827905 0.043155 0.112142 0.096052 0.988405
0.000747 0.922045 0.851423 0.425539 0.851823
0.979405 0.107217 0.438338 0.019457 0.570807
0.379718 0.683264 0.008976 0.076726 0.488987
0.993941 0.014503 0.651415 0.667488 0.363420
0.928036 0.535371 0.945201 0.058700 0.007541
0.234443 0.385083 0.995272 0.736058 0.028425
0.043567 0.998908 0.081806 0.136428 0.427365
0.000524 0.996739 0.596300 0.809830 0.281333
0.830400 0.002009 0.928229 0.260765 0.912542
0.316434 0.999350 0.000788 0.443867 0.571728
0.874013 0.991458 0.001456 0.023886 0.381779
0.955510 0.085698 0.020926 0.343561 0.989353
0.978502 0.509873 0.043580 0.786376 0.022310
0.054885 0.632221 0.997048 0.018763 0.320046
0.938614 0.254836 0.940171 0.005696 0.455882
0.001241 0.885273 0.918944 0.562292 0.632883
0.967521 0.007345 0.056631 0.550443 0.964591
0.082104 0.138780 0.043044 0.968908 0.989783
0.668908 0.164910 0.004703 0.688460 0.971597
0.012202 0.586880 0.600720 0.046575 0.998325
0.146825 0.704320 0.083541 0.990704 0.044761
0.676606 0.006219 0.893737 0.018546 0.966181
0.196211 0.405498 0.023246 0.320041 0.995098
0.008420 0.024602 0.998285 0.931060 0.519108
0.020852 0.383940 0.996746 0.066552 0.651204
0.999928 0.061299 0.021746 0.819052 0.900565
0.082517 0.502250 0.044246 0.986165 0.395118
0.791147 0.674490 0.000272 0.990152 0.248922
0.932240 0.003536 0.068849 0.458579 0.999297
0.959706 0.001351 0.274530 0.217097 0.953036
0.381007 0.018069 0.516291 0.000329 0.725996
0.929031 0.865298 0.004019 0.934983 0.050198
0.004035 0.550227 0.554395 0.990440 0.607033
0.223172 0.078014 0.176358 0.031036 0.994351
0.990139 0.705530 0.040433 0.287650 0.098492
0.320680 0.003368 0.992956 0.269352 0.646730
0.966630 0.682648 0.012374 0.999792 0.055787
0.970479 0.828779 0.008546 0.120427 0.884834
0.003454 0.734312 0.127235 0.264056 0.992386
0.995720 0.020131 0.547951 0.957053 0.111084
0.916568 0.116691 0.903544 0.550557 0.004374
0.994602 0.808235 0.643690 0.003561 0.719369
0.865505 0.990077 0.178725 0.347611 0.003877
0.771447 0.977517 0.512224 0.424104 0.004770
0.292244 0.083201 0.215064 0.287516 0.078385
0.980126 0.650403 0.461876 0.309673 0.011122
0.980781 0.190107 0.000033 0.974569 0.250078
0.081097 0.794128 0.019381 0.756784 0.985326
0.194175 0.891050 0.010264 0.119866 0.994801
0.011685 0.622731 0.819427 0.328304 0.994972
0.040878 0.959402 0.927344 0.140811 0.478416
0.145748 0.022490 0.556495 0.999762 0.006304
0.561782 0.014740 0.994410 0.389417 0.143617
0.377836 0.510891 0.006165 0.985190 0.367283
0.000400 0.985740 0.799285 0.394935 0.569909
0.086809 0.618196 0.084422 0.249607 0.993391
0.001830 0.385607 0.997759 0.582733 0.315747
0.290200 0.027775 0.994903 0.853192 0.032614
0.001665 0.458254 0.467600 0.994157 0.217596
0.998945 0.469710 0.003713 0.208018 0.711522
0.069819 0.628498 0.920738 0.959564 0.035471
0.167922 0.225033 0.005323 0.991653 0.989270
0.798694 0.791377 0.480960 0.001512 0.903963
0.992672 0.174739 0.142227 0.947883 0.036360
0.092938 0.014741 0.216597 0.345352 0.994407
0.953931 0.629065 0.652649 0.624206 0.000401
0.051104 0.115921 0.605419 0.993941 0.041683
0.983336 0.156533 0.017413 0.492126 0.406618
0.833477 0.047435 0.068391 0.984861 0.759361
0.059591 0.255932 0.109446 0.143705 0.998353
0.423250 0.130596 0.020836 0.118787 0.249815
0.732716 0.006505 0.564135 0.880042 0.440863
0.096784 0.570308 0.998579 0.047000 0.505093
0.023207 0.366987 0.987410 0.081111 0.779553
0.754595 0.853605 0.004671 0.153914 0.971410
0.001277 0.560077 0.632736 0.991485 0.878832
0.747829 0.532888 0.000519 0.130506 0.978410
0.002260 0.934126 0.785421 0.379068 0.784216
0.002641 0.458304 0.307350 0.949031 0.981257
0.349703 0.030485 0.995963 0.053278 0.582987
0.087355 0.977615 0.031059 0.608755 0.949351
0.964991 0.710510 0.018336 0.007387 0.982474
0.930904 0.949816 0.467113 0.399939 0.003642
0.016973 0.997817 0.635580 0.074057 0.261051
0.002352 0.994285 0.396135 0.862314 0.000754
0.305362 0.999504 0.122885 0.006076 0.386273
0.986485 0.779238 0.409153 0.256358 0.008296
0.299184 0.166624 0.038922 0.098770 0.999504
0.913717 0.000222 0.848761 0.701717 0.862243
0.085254 0.838601 0.200755 0.183748 0.192885
0.023380 0.718126 0.915397 0.295300 0.111208
0.999029 0.116186 0.182698 0.049299 0.835218
0.064049 0.136779 0.415673 0.243821 0.385757
0.292148 0.025393 0.291586 0.493786 0.097754
0.001214 0.834442 0.798428 0.941784 0.740462
0.000155 0.880926 0.956966 0.046010 0.890361
0.002238 0.684978 0.261636 0.886918 0.957798
0.755591 0.709154 0.393390 0.004922 0.418167
0.058803 0.068971 0.554947 0.474476 0.312792
0.047655 0.864644 0.966721 0.211031 0.041621
0.435939 0.346946 0.659821 0.165914 0.004201
0.470913 0.487636 0.746710 0.120607 0.010113
0.901909 0.841893 0.455175 0.788849 0.003802
0.397125 0.072942 0.430315 0.790515 0.077864
0.127431 0.243883 0.933650 0.013762 0.962023
0.155193 0.945118 0.221441 0.991109 0.042130
0.500374 0.117560 0.994016 0.077313 0.008398
0.980837 0.658795 0.027854 0.015389 0.972745
0.231769 0.806433 0.299631 0.008471 0.991907
0.958438 0.166469 0.014861 0.901308 0.950760
0.980048 0.124704 0.000260 0.796533 0.867732
0.050780 0.144980 0.995631 0.225219 0.316785
0.412607 0.992622 0.005358 0.834073 0.035631
0.991579 0.006791 0.362296 0.710080 0.215304
0.958550 0.604076 0.490762 0.523754 0.010509
0.040009 0.918089 0.964154 0.005363 0.969142
0.985068 0.244464 0.001999 0.737844 0.692645
0.995931 0.747145 0.003506 0.589766 0.308874
0.583102 0.654713 0.047163 0.036533 0.467382
0.963810 0.121467 0.042758 0.957618 0.335840
0.414447 0.075934 0.421185 0.999619 0.016780
0.303594 0.505645 0.999304 0.003577 0.474943
0.081147 0.533406 0.131754 0.996279 0.036369
0.990948 0.337410 0.754744 0.100703 0.024088
0.172094 0.944190 0.020441 0.202230 0.967569
0.009419 0.894699 0.879844 0.136716 0.646370
0.413469 0.012491 0.986060 0.921459 0.247508
0.793034 0.024668 0.293654 0.320404 0.325421
0.999961 0.036831 0.023585 0.723285 0.954267
0.165470 0.116418 0.078089 0.009250 0.374903
0.225688 0.644804 0.216491 0.027999 0.327521
0.156161 0.522741 0.322651 0.997959 0.021563
0.750221 0.379873 0.007984 0.258762 0.997132
0.003293 0.974882 0.556966 0.904678 0.651494
0.494195 0.010977 0.889090 0.098023 0.963758
0.222442 0.685409 0.998649 0.162218 0.023905
0.263078 0.951034 0.870256 0.001942 0.371535
0.023163 0.733321 0.032243 0.994733 0.533104
0.012846 0.089971 0.060845 0.988084 0.968167
0.983019 0.031849 0.049886 0.750749 0.765527
0.031734 0.896401 0.883405 0.018799 0.895260
0.931414 0.002642 0.930092 0.229042 0.780866
0.012157 0.660516 0.162643 0.316444 0.509021
0.993136 0.032733 0.187791 0.120845 0.567558
0.940287 0.313843 0.815165 0.950880 0.004179
0.172559 0.083544 0.846299 0.987724 0.034424
0.642098 0.692994 0.875799 0.986540 0.001080
0.964359 0.035075 0.257093 0.024561 0.973102
0.271315 0.902171 0.854334 0.000482 0.860823
0.024754 0.404486 0.951243 0.013929 0.958531
0.729026 0.009067 0.429158 0.006617 0.999736
0.328421 0.019234 0.990478 0.615872 0.150679
0.093826 0.009374 0.937917 0.216241 0.901835
0.203291 0.987686 0.746459 0.500403 0.006631
0.703148 0.003536 0.095342 0.772323 0.920849
0.070578 0.011163 0.792190 0.839277 0.992366
0.004982 0.192836 0.995211 0.101732 0.902151
0.098542 0.847947 0.256584 0.990940 0.030932
0.504418 0.099707 0.527350 0.149633 0.048888
0.074366 0.878160 0.930831 0.113796 0.047118
0.838321 0.137817 0.030186 0.069543 0.994864
0.011751 0.378079 0.051093 0.792470 0.985952
0.064791 0.874942 0.924687 0.926402 0.009153
0.647839 0.155628 0.008662 0.842874 0.972390
0.659933 0.011522 0.999036 0.677860 0.045359
0.975360 0.147987 0.001229 0.469519 0.811315
0.995980 0.013324 0.430486 0.708224 0.314760
0.059168 0.448572 0.695510 0.015574 0.997905
0.526722 0.594915 0.016475 0.037272 0.891141
0.867572 0.019511 0.027543 0.861734 0.944312
0.069965 0.997643 0.584910 0.024298 0.470485
0.024964 0.762169 0.863538 0.994773 0.029293
0.992722 0.054952 0.064033 0.847763 0.713537
0.946271 0.009878 0.650509 0.120262 0.635353
0.994782 0.298193 0.078640 0.005809 0.833330
0.487889 0.119986 0.000794 0.956633 0.941142
0.066443 0.907666 0.049832 0.937623 0.484020
0.997456 0.044220 0.619457 0.096108 0.176622
0.312297 0.592063 0.972447 0.007744 0.930195
0.057432 0.006007 0.994526 0.115831 0.676259
0.979035 0.257385 0.739748 0.001462 0.666004
0.873982 0.019953 0.273202 0.035505 0.980112
0.926207 0.055286 0.279332 0.980392 0.273958
0.216922 0.234646 0.692754 0.360018 0.092421
0.175862 0.165325 0.064558 0.282401 0.997036
0.921823 0.002418 0.924520 0.290755 0.694890
0.937092 0.306095 0.447115 0.928307 0.016539
0.097075 0.787533 0.994153 0.102179 0.021547
0.146957 0.244120 0.044385 0.043312 0.106620
0.989329 0.037616 0.364126 0.052143 0.969293
0.433687 0.008713 0.596062 0.975527 0.352341
0.858684 0.002462 0.996099 0.214704 0.754421
0.706273 0.451352 0.034600 0.992667 0.060994
0.981164 0.023150 0.891373 0.087107 0.125571
0.056677 0.273243 0.170100 0.049488 0.998005
0.982905 0.025097 0.712127 0.338404 0.158295
0.085670 0.992731 0.767936 0.905232 0.025453
0.565898 0.023947 0.017693 0.906570 0.927457
0.004744 0.067572 0.996469 0.555551 0.841417
0.346458 0.243943 0.086229 0.518000 0.082990
0.111656 0.005007 0.471042 0.405021 0.999519
0.379903 0.436183 0.989736 0.331587 0.018798
0.971310 0.998855 0.000523 0.860590 0.376346
0.010649 0.263226 0.993282 0.125069 0.793808
0.102374 0.760909 0.804501 0.988137 0.027279
0.794486 0.993720 0.009604 0.177344 0.060914
0.887934 0.124159 0.016069 0.819830 0.955873
0.339150 0.041662 0.998261 0.345165 0.258656
0.944165 0.120033 0.821861 0.037208 0.335475
0.076171 0.163316 0.055421 0.525719 0.258374
0.001799 0.912481 0.888749 0.771347 0.660078
0.060446 0.011945 0.860980 0.995929 0.109938
0.091583 0.571817 0.001244 0.621893 0.060651
0.503490 0.101812 0.991938 0.015533 0.424868
0.991717 0.000183 0.498810 0.641999 0.560304
0.320278 0.016158 0.984340 0.095408 0.964517
0.738036 0.004263 0.829539 0.460252 0.122184
0.988740 0.215002 0.005542 0.306063 0.778435
0.243989 0.290569 0.005474 0.831920 0.959582
0.059819 0.016213 0.080334 0.707611 0.289658
0.083644 0.997531 0.325189 0.020203 0.246519
0.583327 0.957820 0.116200 0.004955 0.945322
0.694792 0.018479 0.211904 0.524331 0.478731
0.149822 0.924612 0.128577 0.015739 0.983440
0.022166 0.496207 0.993608 0.359673 0.245673
0.032522 0.319585 0.990609 0.026890 0.983410
0.064948 0.343112 0.983606 0.018426 0.828538
0.471974 0.001479 0.768621 0.730090 0.928933
0.989641 0.826307 0.070950 0.442411 0.002462
0.198281 0.958858 0.028486 0.064079 0.985036
0.736113 0.872161 0.996910 0.005109 0.378742
0.302668 0.239107 0.629214 0.997245 0.038673
0.040498 0.992264 0.866723 0.078013 0.275440
0.000203 0.579890 0.147168 0.700301 0.989674
0.840835 0.123036 0.022752 0.290117 0.960373
0.999837 0.456440 0.004579 0.103104 0.407712
0.973668 0.966661 0.007557 0.365434 0.643313
0.153344 0.288652 0.029037 0.554233 0.989722
0.844112 0.998009 0.983430 0.005483 0.224121
0.472219 0.130354 0.023319 0.705362 0.122056
0.375366 0.004128 0.727092 0.123966 0.386996
0.125836 0.766005 0.363344 0.010011 0.989435
0.449450 0.087211 0.026651 0.998365 0.254855
0.001938 0.224140 0.995012 0.912835 0.197045
0.033086 0.103859 0.383006 0.057341 0.648204
0.493567 0.046151 0.993824 0.034496 0.562913
0.622870 0.222771 0.006158 0.999570 0.711405
0.012087 0.837185 0.986332 0.370825 0.003761
0.912974 0.041994 0.072424 0.966388 0.650194
0.920070 0.000037 0.856277 0.391940 0.978782
0.862826 0.944371 0.878073 0.245832 0.001712
0.526277 0.001872 0.531272 0.304836 0.781232
0.028811 0.220865 0.981206 0.786172 0.051097
0.996786 0.090167 0.652223 0.075318 0.079769
0.016568 0.995779 0.027877 0.735568 0.999660
0.054551 0.152728 0.832554 0.761422 0.064013
0.606768 0.624248 0.008384 0.484840 0.870079
0.010096 0.011117 0.871952 0.541368 0.315953
0.899355 0.084413 0.025621 0.564630 0.978212
0.778697 0.944803 0.343000 0.005415 0.883607
0.929972 0.024284 0.648390 0.974909 0.264139
0.961219 0.212545 0.000841 0.677577 0.762888
0.053636 0.170929 0.118457 0.062020 0.655769
0.201047 0.523274 0.006981 0.992594 0.566726
0.000377 0.779841 0.814608 0.874253 0.022808
0.032351 0.731464 0.989679 0.121322 0.640347
0.487003 0.304262 0.986963 0.820671 0.000587
0.120256 0.741402 0.982292 0.285027 0.226365
0.165444 0.777974 0.986117 0.661725 0.007809
0.086755 0.284993 0.988159 0.193988 0.236957
0.905844 0.948434 0.000671 0.955793 0.281785
0.945344 0.343662 0.000150 0.659110 0.520033
0.001844 0.624652 0.994688 0.207262 0.395305
0.017678 0.745764 0.902172 0.140786 0.526928
0.399130 0.668623 0.049558 0.037513 0.988486
0.139110 0.739117 0.688372 0.990520 0.007274
0.997862 0.347580 0.711801 0.010157 0.357416
0.821566 0.102750 0.050692 0.989550 0.210637
0.991229 0.133719 0.073540 0.057628 0.673946
0.994868 0.039023 0.035480 0.488588 0.460160
0.274889 0.001135 0.698777 0.089995 0.996186
0.003772 0.836317 0.201862 0.221963 0.063801
0.010870 0.789872 0.981997 0.348165 0.114492
0.187076 0.243255 0.029168 0.237768 0.232805
0.999577 0.077513 0.684868 0.055028 0.491469
0.165279 0.009040 0.408061 0.854390 0.364737
0.779338 0.988126 0.734660 0.007417 0.286820
0.440575 0.029010 0.993934 0.073815 0.723409
0.218108 0.575967 0.998516 0.020063 0.235108
0.021220 0.960633 0.004214 0.914325 0.948202
0.945762 0.933804 0.044188 0.979653 0.024643
0.958957 0.079045 0.227319 0.783787 0.134080
0.004024 0.566143 0.996488 0.964942 0.058215
0.010166 0.884717 0.831684 0.019544 0.883509
0.085358 0.417701 0.011167 0.995552 0.959448
0.967034 0.248490 0.358456 0.971276 0.001521
0.101379 0.025082 0.910810 0.320374 0.939410
0.993780 0.056945 0.270414 0.027618 0.613020
0.028783 0.033902 0.496744 0.914553 0.943826
0.680483 0.818211 0.956053 0.000495 0.496044
0.992247 0.009273 0.655118 0.059320 0.495969
0.050676 0.990235 0.791044 0.882393 0.038417
0.773908 0.631779 0.212678 0.001841 0.991945
0.749485 0.007622 0.113649 0.144724 0.772753
0.415213 0.058118 0.582997 0.132344 0.560097
0.000466 0.929470 0.270800 0.974798 0.382505
0.920796 0.755941 0.157380 0.000276 0.940313
0.177044 0.836509 0.884284 0.427438 0.018648
0.009870 0.881255 0.943764 0.206345 0.915549
0.001656 0.365518 0.988210 0.945140 0.798604
0.010370 0.169992 0.988506 0.271415 0.490787
0.005467 0.290298 0.910719 0.255491 0.954055
0.969369 0.010404 0.051083 0.900665 0.456904
0.919793 0.111473 0.949178 0.018946 0.577723
0.041750 0.753434 0.159762 0.180065 0.989722
0.893131 0.974374 0.382278 0.868123 0.002217
0.983103 0.038520 0.223644 0.447334 0.273146
0.968473 0.074711 0.210371 0.917953 0.099131
0.989323 0.035868 0.465368 0.945489 0.083870
0.950441 0.007075 0.960910 0.040734 0.348370
0.736989 0.986991 0.016534 0.131428 0.352659
0.056126 0.926871 0.227767 0.030821 0.038399
0.719262 0.768167 0.033397 0.955842 0.049666
0.047934 0.459305 0.984999 0.006328 0.706940
0.204630 0.780971 0.986342 0.319077 0.023940
0.746109 0.560421 0.991003 0.003753 0.103164
0.643435 0.902444 0.993986 0.244190 0.002444
0.233042 0.773297 0.579674 0.968984 0.007010
0.485585 0.340683 0.010576 0.561951 0.997619
0.164875 0.185721 0.148761 0.086173 0.255808
0.232235 0.536669 0.998161 0.435150 0.052792
0.954542 0.329051 0.841462 0.036789 0.090102
0.955806 0.990802 0.015306 0.024119 0.473311
0.381957 0.036689 0.017660 0.829143 0.984114
0.408750 0.023297 0.032298 0.648178 0.976329
0.312790 0.711641 0.070396 0.017417 0.999020
0.579900 0.140390 0.000981 0.529949 0.995130
0.329114 0.973352 0.879631 0.398639 0.003953
0.048596 0.726210 0.997720 0.496382 0.087427
0.767892 0.952271 0.472147 0.477656 0.003044
0.856320 0.238771 0.992481 0.008381 0.205187
0.012384 0.982071 0.288429 0.074785 0.453249
0.227487 0.492804 0.014820 0.734390 0.970804
0.916412 0.331908 0.031605 0.978864 0.049220
0.760139 0.946436 0.010185 0.808858 0.039493
0.012958 0.630179 0.999833 0.610603 0.082918
0.573375 0.012304 0.881200 0.061487 0.949525
0.504154 0.995486 0.226216 0.007071 0.434525
0.049373 0.765274 0.025236 0.986418 0.626439
0.477303 0.796251 0.977396 0.776989 0.001711
0.003091 0.922276 0.709654 0.920693 0.162475
0.948988 0.151912 0.012975 0.962063 0.899507
0.724871 0.947425 0.004338 0.616803 0.716706
0.133366 0.263775 0.488580 0.723652 0.054642
0.238949 0.604365 0.998703 0.729133 0.008614
0.214610 0.827946 0.027359 0.013745 0.024994
0.014274 0.891921 0.995302 0.012977 0.621053
0.962386 0.257018 0.053127 0.799492 0.056753
0.004168 0.390633 0.278567 0.529319 0.151970
0.001948 0.958285 0.792187 0.562000 0.992098
0.214103 0.281982 0.996065 0.671151 0.070360
0.848097 0.397957 0.002756 0.875456 0.411701
0.027750 0.078883 0.176465 0.822465 0.049893
0.001289 0.990495 0.629716 0.835965 0.490045
0.092051 0.072900 0.070167 0.370618 0.602219
0.489984 0.773574 0.000389 0.984434 0.068087
0.933551 0.702096 0.206210 0.791709 0.006209
0.062820 0.652864 0.689573 0.065576 0.528320
0.993136 0.620188 0.859674 0.001845 0.336614
0.098603 0.368762 0.020534 0.828087 0.956859
0.938705 0.739022 0.060526 0.008872 0.109640
0.285299 0.995525 0.483423 0.008499 0.696617
0.154036 0.578891 0.977161 0.042046 0.383659
0.268777 0.104865 0.036523 0.958350 0.170441
0.564843 0.059624 0.263767 0.172046 0.337363
0.099282 0.990364 0.717427 0.733866 0.002331
0.019940 0.021997 0.995820 0.934631 0.143471
0.750254 0.066559 0.507290 0.999429 0.007399
0.955195 0.492338 0.039592 0.788978 0.034200
0.002185 0.981421 0.927610 0.706319 0.454987
0.710744 0.020945 0.010821 0.648952 0.983498
0.012952 0.734564 0.206554 0.299674 0.988498
0.122646 0.003462 0.910912 0.259266 0.911263
0.082612 0.543408 0.989724 0.361270 0.160306
0.147592 0.072673 0.995298 0.246580 0.572951
0.913195 0.547869 0.007629 0.208712 0.977242
0.407402 0.060119 0.991481 0.029762 0.417396
0.099656 0.930112 0.000966 0.866699 0.952886
0.976740 0.016274 0.301661 0.412689 0.374494
0.957542 0.034873 0.011510 0.994114 0.745235
0.014462 0.512534 0.999530 0.280245 0.174322
0.994787 0.915495 0.193294 0.000709 0.310011
0.082344 0.760301 0.897073 0.519963 0.027017
0.997348 0.005531 0.146446 0.980556 0.064486
0.993486 0.030638 0.742734 0.615768 0.013854
0.240084 0.137225 0.992999 0.100747 0.263130
0.054208 0.780127 0.956127 0.072051 0.502365
0.003873 0.798422 0.897230 0.255260 0.502752
0.245437 0.888011 0.107039 0.006642 0.949652
0.723841 0.010868 0.682295 0.105054 0.818319
0.977408 0.607423 0.613705 0.007025 0.694970
0.005822 0.874057 0.523698 0.052307 0.944477
0.905806 0.793027 0.027329 0.005702 0.967369
0.238907 0.554719 0.069637 0.994250 0.051320
0.959435 0.248521 0.985616 0.002906 0.009724
0.150778 0.008623 0.614629 0.981302 0.977180
0.569452 0.069015 0.041048 0.076047 0.448873
0.472312 0.008539 0.194135 0.200023 0.998878
0.000188 0.919072 0.951620 0.049418 0.648944
0.580531 0.059603 0.999136 0.083646 0.014380
0.945902 0.055284 0.259155 0.945038 0.138930
0.953078 0.039832 0.552882 0.429436 0.093611
0.993578 0.067816 0.172379 0.875533 0.268019
0.960783 0.039195 0.771429 0.160592 0.029052
0.600498 0.197367 0.731959 0.986705 0.009280
0.951097 0.280520 0.284964 0.935307 0.021209
0.436097 0.231229 0.996910 0.233585 0.018880
0.927270 0.063343 0.846486 0.514653 0.009127
0.017580 0.761844 0.523368 0.177763 0.061064
0.055305 0.892569 0.887805 0.001060 0.849975
0.981357 0.009794 0.033938 0.996979 0.348576
0.263636 0.886886 0.323796 0.983415 0.002978
0.286872 0.591084 0.992091 0.096383 0.050131
0.007545 0.860303 0.128733 0.324428 0.990303
0.201800 0.913794 0.278636 0.951908 0.038822
0.942540 0.563019 0.000838 0.937531 0.895251
0.028813 0.340297 0.290435 0.448938 0.952575
0.344756 0.434058 0.003498 0.984139 0.983158
0.259862 0.462353 0.013459 0.988972 0.524419
0.950987 0.100242 0.233195 0.020457 0.929362
0.954506 0.023902 0.701209 0.359217 0.252370
0.362756 0.124885 0.986442 0.868310 0.006832
0.244368 0.835755 0.886139 0.003962 0.414184
0.957427 0.078164 0.255499 0.013251 0.958344
0.390471 0.144905 0.018350 0.952136 0.978055
0.496215 0.535085 0.018492 0.188577 0.962955
0.448406 0.936377 0.000209 0.776944 0.820930
0.075765 0.695937 0.979455 0.138139 0.374738
0.804878 0.020589 0.618831 0.514046 0.347772
0.016893 0.786049 0.702498 0.888355 0.133446
0.030030 0.018709 0.165362 0.844438 0.992946
0.035704 0.505323 0.089938 0.884024 0.956392
0.328869 0.160071 0.995778 0.829729 0.011902
0.668410 0.117079 0.155244 0.181925 0.116218
0.960899 0.076604 0.260278 0.668839 0.062839
0.484580 0.150865 0.584075 0.158577 0.042432
0.646069 0.267887 0.225911 0.974818 0.034195
0.102585 0.876855 0.870992 0.796558 0.047536
0.046973 0.726014 0.953394 0.258357 0.269942
0.002298 0.667011 0.989438 0.712567 0.373194
0.064117 0.636220 0.511163 0.200924 0.344330
0.105020 0.952045 0.858401 0.013393 0.291111
0.001208 0.421688 0.364894 0.766404 0.948021
0.003337 0.819845 0.676499 0.450366 0.955932
0.998750 0.247771 0.066203 0.804192 0.068696
0.125938 0.027588 0.932752 0.004385 0.992604
0.001328 0.998106 0.305859 0.066793 0.891035
0.740887 0.965610 0.138374 0.981640 0.006159
0.839551 0.701141 0.005038 0.369687 0.858176
0.963791 0.000876 0.496246 0.340166 0.839677
0.020698 0.748186 0.905360 0.024607 0.579530
0.130434 0.547606 0.168973 0.239335 0.102078
0.948946 0.689110 0.102856 0.547029 0.008977
0.101172 0.389874 0.171763 0.038036 0.995764
0.708731 0.588686 0.236824 0.862721 0.011250
0.402301 0.581385 0.283501 0.740593 0.003843
0.408083 0.048318 0.153049 0.059978 0.999215
0.173374 0.503129 0.937837 0.706650 0.027459
0.990502 0.354922 0.883379 0.005247 0.119371
0.183890 0.833477 0.006239 0.558978 0.993375
0.140880 0.579095 0.907616 0.484604 0.081642
0.005761 0.117355 0.961482 0.069705 0.964449
0.989343 0.014842 0.293253 0.080245 0.933830
0.861274 0.517140 0.003054 0.947182 0.384753
0.272010 0.031259 0.440116 0.433362 0.248516
0.957562 0.611732 0.005953 0.111988 0.963555
0.808587 0.662886 0.241355 0.005516 0.907375
0.257102 0.338860 0.045991 0.970272 0.090115
0.003998 0.795074 0.103677 0.939348 0.359750
0.371573 0.974216 0.856678 0.013664 0.363209
0.012397 0.806800 0.559032 0.879470 0.129798
0.344872 0.294902 0.481483 0.965500 0.019149
0.854239 0.003941 0.771777 0.095593 0.009457
0.963498 0.003273 0.315307 0.233242 0.842308
0.986838 0.025611 0.517642 0.114936 0.603326
0.898931 0.989785 0.018845 0.723740 0.008878
0.048663 0.344734 0.171562 0.989729 0.062391
0.202417 0.668837 0.956398 0.763527 0.011577
0.944222 0.001789 0.646527 0.182482 0.663293
0.033281 0.192060 0.359461 0.224572 0.425375
0.880418 0.050585 0.236951 0.694366 0.290146
0.999283 0.054092 0.322159 0.595389 0.018298
0.280069 0.488753 0.009497 0.779002 0.123881
0.614828 0.277031 0.010705 0.957050 0.462091
0.916192 0.307878 0.968971 0.930457 0.003725
0.902757 0.110988 0.008320 0.711210 0.956077
0.621428 0.002283 0.532103 0.992319 0.560212
0.036297 0.662380 0.994791 0.133002 0.305903
0.011682 0.761236 0.041942 0.021179 0.540238
0.027604 0.624538 0.316583 0.057881 0.968806
0.322578 0.082524 0.961286 0.070838 0.074640
0.706209 0.680536 0.038197 0.017741 0.911103
0.087402 0.079540 0.989525 0.327859 0.518154
0.436374 0.006704 0.935485 0.902342 0.063278
0.388849 0.515900 0.915348 0.842104 0.009066
0.905991 0.236686 0.501279 0.813773 0.015802
0.042811 0.714279 0.829281 0.004098 0.785117
0.903921 0.496495 0.222614 0.003958 0.712062
0.386231 0.353964 0.076176 0.007461 0.011456
0.831453 0.003595 0.614077 0.942800 0.443757
0.034130 0.679622 0.922416 0.212920 0.384174
0.001985 0.743800 0.978327 0.781309 0.472034
0.331390 0.199785 0.671387 0.160671 0.203883
0.456504 0.064592 0.700377 0.679119 0.068551
0.412440 0.065350 0.422515 0.488615 0.072811
0.217248 0.986998 0.061845 0.967291 0.024969
0.964523 0.002807 0.934916 0.252230 0.626069
0.206762 0.473684 0.888418 0.624152 0.011233
0.974908 0.001283 0.958412 0.614332 0.078410
0.335357 0.395092 0.317133 0.035735 0.074211
0.050548 0.776771 0.483040 0.991621 0.009102
0.212372 0.242170 0.614477 0.095319 0.199532
0.978683 0.041775 0.656315 0.129378 0.076801
0.952999 0.010792 0.476935 0.523014 0.427261
0.029105 0.800490 0.988710 0.021029 0.332430
0.372086 0.979754 0.898275 0.360796 0.000783
0.948806 0.116992 0.176963 0.807363 0.034683
0.133035 0.941698 0.408856 0.002534 0.899388
0.809996 0.467948 0.039771 0.483384 0.044492
0.312592 0.016633 0.342551 0.993853 0.090674
0.920131 0.168660 0.948235 0.065094 0.090753
0.068486 0.110891 0.996544 0.251986 0.185795
0.508121 0.034435 0.073623 0.112077 0.949819
0.251606 0.029108 0.397487 0.061389 0.985800
0.709413 0.264118 0.001389 0.998957 0.506861
0.399876 0.063242 0.294534 0.044230 0.977466
0.262817 0.019774 0.742759 0.959251 0.010089
0.935103 0.117288 0.017647 0.929582 0.865012
0.204758 0.828403 0.882298 0.148124 0.042559
0.002219 0.778884 0.597426 0.850061 0.723009
0.087367 0.021616 0.936551 0.239354 0.934340
0.607501 0.005361 0.921149 0.090385 0.781484
0.072695 0.168157 0.990615 0.342462 0.092518
0.264469 0.144110 0.951354 0.934094 0.021731
0.007334 0.816878 0.684484 0.272093 0.955359
0.689524 0.633731 0.905688 0.000981 0.441841
0.482601 0.640513 0.014052 0.203457 0.955539
0.611355 0.657234 0.003802 0.262197 0.966665
0.012422 0.744798 0.607178 0.026473 0.948255
0.440832 0.253419 0.323794 0.987479 0.013799
0.021317 0.896215 0.027405 0.787121 0.952207
0.360149 0.546903 0.943926 0.539319 0.020718
0.324546 0.104423 0.823741 0.007623 0.843696
0.237743 0.409374 0.854070 0.146062 0.028099
0.881275 0.815299 0.476708 0.326157 0.007460
0.046898 0.074139 0.221944 0.022802 0.614232
0.047929 0.048544 0.796728 0.779050 0.824708
0.074266 0.468225 0.901770 0.310266 0.377574
0.275412 0.015549 0.832600 0.886898 0.181323
0.123233 0.680492 0.056380 0.293299 0.956866
0.942088 0.035256 0.249667 0.814554 0.199622
0.340928 0.007684 0.569775 0.714835 0.894265
0.894674 0.813674 0.068219 0.997151 0.037830
0.657245 0.255713 0.010641 0.941953 0.199558
0.370031 0.276036 0.978417 0.920847 0.000657
0.198606 0.056186 0.047690 0.177023 0.977034
0.301166 0.607361 0.994067 0.078065 0.041903
0.987495 0.007882 0.654268 0.532170 0.225400
0.429557 0.277589 0.007996 0.660549 0.798294
0.159287 0.541909 0.018790 0.484443 0.841052
0.377759 0.039289 0.311592 0.092091 0.951651
0.150954 0.926818 0.023293 0.240614 0.807204
0.933318 0.183140 0.007556 0.956611 0.423754
0.437427 0.055310 0.649432 0.882706 0.019140
0.217903 0.756647 0.748986 0.925898 0.007180
0.375591 0.535052 0.088521 0.876809 0.059846
0.018586 0.145164 0.162784 0.643974 0.977158
0.168046 0.011727 0.387991 0.903600 0.999493
0.990165 0.268251 0.413451 0.015196 0.286623
0.117190 0.436254 0.953496 0.155514 0.335977
0.031886 0.138341 0.143140 0.346070 0.952332
0.924602 0.326849 0.025783 0.067742 0.672919
0.092515 0.081395 0.219401 0.115292 0.998088
0.036443 0.704695 0.072722 0.730392 0.812637
0.110450 0.018891 0.090250 0.097413 0.663620
0.875799 0.171173 0.015841 0.666241 0.289126
0.195414 0.712402 0.703662 0.246637 0.038513
0.865488 0.060788 0.170634 0.102032 0.621340
0.186703 0.206730 0.803861 0.748610 0.028012
0.870718 0.655799 0.635656 0.118944 0.010513
0.427701 0.000312 0.783327 0.517951 0.097725
0.446947 0.387179 0.022300 0.309252 0.227075
0.926886 0.059919 0.651249 0.089808 0.429448
0.145664 0.912674 0.151885 0.109287 0.085541
0.105264 0.036611 0.726244 0.397830 0.147513
0.004780 0.592263 0.933496 0.434247 0.732813
0.641683 0.321622 0.298870 0.889806 0.034867
0.189536 0.803551 0.032157 0.180048 0.374820
0.040496 0.398962 0.901061 0.072653 0.579010
0.123445 0.159639 0.750406 0.279353 0.174039
0.332134 0.526052 0.309531 0.111917 0.092073
0.130237 0.050466 0.692559 0.675578 0.248614
