0.511456 0.015357 0.986134
0.307430 0.942067 0.045130
0.594442 0.014982 0.999910
0.511311 0.374140 0.805838
0.974755 0.171852 0.118144
0.251496 0.086911 0.967801
0.608239 0.545011 0.085570
0.805860 0.012500 0.984510
0.340474 0.873504 0.787924
0.156817 0.783165 0.261624
0.401733 0.780086 0.883149
0.993640 0.002420 0.415240
0.632404 0.095950 0.995576
0.383859 0.041534 0.972838
0.977898 0.002585 0.415647
0.827324 0.226442 0.839145
0.146193 0.117705 0.620722
0.458399 0.754422 0.730394
0.031057 0.066707 0.999351
0.987772 0.042924 0.187994
0.640067 0.159747 0.289264
0.376821 0.094913 0.956396
0.810444 0.550872 0.573736
0.927541 0.015084 0.825913
0.542025 0.703067 0.159210
0.010084 0.490245 0.970438
0.351377 0.048256 0.971359
0.515281 0.579740 0.571922
0.635226 0.110421 0.148168
0.742192 0.593833 0.439126
0.988066 0.451193 0.009343
0.906428 0.057280 0.272614
0.991954 0.018864 0.047211
0.237341 0.105213 0.954997
0.954534 0.059346 0.158068
0.920614 0.778804 0.009342
0.135139 0.631425 0.256557
0.833777 0.987826 0.007232
0.713091 0.289413 0.225131
0.123540 0.302185 0.808767
0.820784 0.385581 0.077996
0.452128 0.141657 0.021434
0.665558 0.007979 0.998107
0.211513 0.067794 0.972894
0.971717 0.013246 0.896433
0.003501 0.976203 0.926437
0.013257 0.543589 0.955983
0.985844 0.058195 0.045654
0.843650 0.382843 0.305826
0.145102 0.388324 0.428161
0.041883 0.148576 0.992781
0.868541 0.931549 0.461586
0.927812 0.034674 0.225881
0.192320 0.595111 0.196933
0.078329 0.383505 0.589903
0.344170 0.914506 0.420399
0.523227 0.770835 0.478417
0.340255 0.477133 0.375608
0.357206 0.619151 0.624601
0.387063 0.035022 0.974316
0.064886 0.020483 0.990694
0.632132 0.434637 0.183598
0.363225 0.854188 0.688434
0.898708 0.502177 0.401129
0.845459 0.006110 0.949500
0.018621 0.197757 0.997702
0.922255 0.050121 0.194146
0.685926 0.060216 0.015587
0.083903 0.415635 0.867042
0.977889 0.043800 0.210906
0.044294 0.066784 0.998458
0.407501 0.099805 0.949807
0.338895 0.971680 0.733690
0.007355 0.971584 0.858908
0.027271 0.996647 0.477349
0.043717 0.201043 0.947332
0.908518 0.028208 0.350816
0.557998 0.868611 0.302534
0.545236 0.540704 0.754180
0.719569 0.372481 0.717331
0.456172 0.040626 0.444426
0.277289 0.354786 0.297032
0.160229 0.834749 0.127393
0.871657 0.542113 0.404223
0.232312 0.995804 0.009638
0.594576 0.813292 0.743370
0.959063 0.854234 0.644115
0.991627 0.542619 0.009116
0.560091 0.174517 0.500173
0.755431 0.581746 0.956836
0.553492 0.778849 0.116907
0.074163 0.588008 0.218002
0.306572 0.110148 0.937667
0.013389 0.976685 0.720982
0.006690 0.451333 0.998357
0.474806 0.016199 0.438940
0.013684 0.947760 0.918434
0.213547 0.033010 0.987241
0.781688 0.120128 0.209788
0.241762 0.307142 0.211246
0.485537 0.237141 0.855883
0.861493 0.070296 0.819351
0.044679 0.112355 0.566301
0.310277 0.247500 0.688723
0.161898 0.349956 0.407265
0.435724 0.968622 0.015980
0.012103 0.848264 0.956992
0.800849 0.063787 0.052948
0.678768 0.750846 0.711758
0.106108 0.204199 0.473229
0.683489 0.643830 0.013416
0.536095 0.418969 0.581645
0.983207 0.670616 0.004427
0.957364 0.481874 0.543165
0.223895 0.056467 0.974270
0.055168 0.221469 0.465491
0.531350 0.330350 0.370897
0.946167 0.239333 0.434455
0.253585 0.995031 0.011156
0.732987 0.016185 0.889890
0.329737 0.399470 0.184819
0.935370 0.024582 0.245076
0.943442 0.810413 0.600313
0.992059 0.006829 0.064324
0.009131 0.605538 0.996090
0.848864 0.979248 0.006633
0.201236 0.099033 0.970085
0.006154 0.999609 0.865438
0.767707 0.312112 0.088264
0.900542 0.004806 0.936043
0.991777 0.300783 0.001416
0.144930 0.223918 0.341260
0.204227 0.090754 0.986755
0.083917 0.534609 0.816244
0.935925 0.216231 0.635075
0.555667 0.018166 0.883016
0.122252 0.997525 0.014066
0.118872 0.613854 0.249533
0.067110 0.255200 0.017248
0.928778 0.294392 0.014790
0.354785 0.101547 0.955174
0.000317 0.899546 0.986197
0.631470 0.446651 0.624936
0.308764 0.103282 0.962489
0.019283 0.232440 0.577342
0.415588 0.049073 0.297520
0.927311 0.043025 0.346346
0.434087 0.149861 0.341458
0.981304 0.017376 0.360871
0.090721 0.502377 0.203756
0.364196 0.679980 0.653627
0.040184 0.220906 0.598723
0.686424 0.356185 0.111905
0.606688 0.999711 0.269179
0.916324 0.319366 0.012417
0.958277 0.987476 0.005366
0.992341 0.018417 0.052234
0.009505 0.562695 0.995344
0.286893 0.310250 0.208480
0.519937 0.770584 0.181741
0.934321 0.540223 0.030422
0.984431 0.043975 0.206185
0.714503 0.430078 0.488111
0.976418 0.009501 0.600993
0.971998 0.594851 0.481461
0.083650 0.462375 0.370674
0.731719 0.342201 0.031829
0.641961 0.649219 0.013461
0.009255 0.931916 0.983234
0.023775 0.199528 0.988912
0.245156 0.789668 0.065364
0.052130 0.936335 0.084674
0.880795 0.775333 0.670269
0.223498 0.199441 0.387630
0.162048 0.112013 0.989179
0.911193 0.858676 0.503399
0.614735 0.203694 0.102125
0.008728 0.382524 0.997611
0.012271 0.357310 0.972500
0.257684 0.552476 0.678807
0.678072 0.995684 0.007580
0.100218 0.016629 0.989484
0.503380 0.272776 0.463940
0.468599 0.908427 0.125276
0.721946 0.007618 0.989885
0.169037 0.615104 0.835520
0.810050 0.998685 0.002285
0.013780 0.277301 0.017468
0.951305 0.827393 0.668004
