0.492513641478733	0.0442983694580842	0.176003152586521
0.41434458522794	0.544391096357438	0.621197584840095
0.0683729905022182	0.927407601814441	0.385017445024577
0.848441915981677	0.79480510800835	0.319646975174382
0.209258683123281	0.715420220380379	0.105814209722827
0.544284355614467	0.554620255043088	0.186121081554387
0.303779764708029	0.305147919480292	0.542791240170035
0.695794151954257	0.460699463012023	0.244531643690789
0.32089785594535	0.510352111193515	0.25554200692826
0.859655481697831	0.508817247352012	0.655964769262804
0.422237338229193	0.00133088883074508	0.700263138720888
0.598240490815714	0.415675474058686	0.244654235078327
0.21943807565581	0.484048464560904	0.172061836427106
0.604455520680386	0.33249038007692	0.966866944901118
0.924102495854768	0.5417490632002 	0.682287164815835
0.0299167051119342	0.0860334188146672	0.236907419393262
0.216037787131983	0.389813183522696	0.542055338873554
0.758829027302018	0.0856073354769532	0.00275480141991507
0.00336067052714558	0.406505191422303	0.51310691261343
0.258902677921067	0.266160672654473	0.0219241599654426
0.914867447183871	0.688398010883666	0.0232550487961876
0.615130585439098	0.28663850169938	0.438930522854873
0.859784820517425	0.50607657735519	0.922978987415777
0.0318466569445313	0.110532097569915	0.255469367027036
0.998713601845649	0.0346345934246828	0.797218430227236
0.681000766195823	0.064551298536617	0.883251849041903
0.917908185589084	0.2805890856686 	0.2730650325646 
0.459963523996977	0.0394181125049564	0.358672368041553
0.462718325416892	0.0427787834977632	0.765177559463856
0.975825238495984	0.301681461418831	0.0313382316526669
0.997749398461426	0.216548908137041	0.719736243001994
0.0210044467919527	0.831679493576139	0.00637474423571245
0.459934969646826	0.691464314093564	0.512451321590902
0.382913956596942	0.723310971038095	0.622983419160817
0.638383323623977	0.722024572418083	0.657618012585499
0.435601753385552	0.403025338148244	0.722169311587778
0.318853602427455	0.320933523271668	0.00275839679071605
0.591918634992055	0.780897047268645	0.0421765097613337
0.950591003033608	0.243615372219875	0.0849552932590969
0.715768562031802	0.219440610250198	0.386636754677927
0.747106793684469	0.217190008245963	0.603185662814968
0.466843036220802	0.238194455037915	0.434865155925446
0.473217780456514	0.698129424684741	0.126329469553348
0.985669102047416	0.0810433808160217	0.849640440591444
0.608652521208233	0.719426704439999	0.571665012543865
0.266270533328071	0.155028457825551	0.974690350692109
0.988439844915848	0.473882060253006	0.295623873498116
0.991198242172226	0.0658006947794001	0.0765209203010988
0.0333747514678979	0.0163916973473466	0.320136292986635
0.118330044726995	0.732160259379149	0.539576903236833
0.504966799404922	0.479267052597956	0.756766911948457
0.108152461754229	0.946110089284419	0.994961366986372
0.543017617679675	0.419327869275272	0.693090791671113
0.669347087698685	0.404996971322688	0.774134172487135
0.518987527824467	0.013649492065259	0.493560876927134
0.0906525403683319	0.27992002539333	0.648589334752685
0.0653428905947799	0.268359870309178	0.12247139454003
0.360966764558557	0.259558112015742	0.18827208931943
0.437487684859656	0.29293286348364	0.204663786666777
0.757623977846291	0.411262908210635	0.936824046045926
0.297200881083124	0.916229707615557	0.41609109817822
0.0539677925659194	0.0243821689041248	0.362201186996978
0.0489291590866303	0.5673997865838 	0.781529056737911
0.742019950757744	0.236746873816823	0.186526027594938
0.516154123244879	0.755734402106951	0.200175519660197
0.00971499970635166	0.846386942475283	0.480095545053527
0.658304334459037	0.911729833070063	0.748455415362704
0.780775728999067	0.272696597162959	0.00801352691278492
0.969047818318497	0.710184282488275	0.300946390396425
0.173711604519613	0.467808259868905	0.712209298607059
0.110535650099877	0.765009140952029	0.628439005756955
0.526626748278098	0.818976933517948	0.65282117466108
0.888827935740737	0.86790609307024	0.22022096124488
0.670356992012987	0.609926043362322	0.456967835061703
0.856883019607925	0.12608016614154	0.212702236702993
0.057058538802461	0.135795165847892	0.0590891787126144
0.537154083855988	0.794099500306928	0.970819012248339
0.285609499218692	0.574875228840334	0.243515608945636
0.293623026131477	0.54392304669317	0.953699891433911
0.594569416993563	0.717634651212783	0.421508151302816
0.306778715134961	0.82817030131266	0.186517291789184
0.935217721357577	0.354797049590758	0.00549422530713222
0.588038895552996	0.243624984865834	0.873400318377372
0.808259856797876	0.913981976878821	0.483326361274033
0.265227691859579	0.770864996021085	0.609406527881234
0.477929928562571	0.827923534823546	0.745201693729126
0.537019107740847	0.365077618213872	0.539301194036054
0.507838119523524	0.650687117432564	0.114176422410727
0.75135372846916	0.944310144029702	0.658099469569558
0.705053619903072	0.538879560557604	0.37573412031668
0.126561770740227	0.845658275692565	0.20390442162934
0.313079062529411	0.780875996584481	0.558701471220097
0.318573287836543	0.368914892137477	0.802326456085931
0.191973605748254	0.177174748469691	0.71630843249909
0.675299967487948	0.44240244032927	0.487173428054514
0.284706494903521	0.920332369357502	0.315096962412399
0.0299081881669854	0.457351476632688	0.680174580626271
0.569209382203039	0.965189596156212	0.330861698058835
0.683385805079427	0.716543324159711	0.275171841622876
0.341485274183324	0.421596943597122	0.81405140218048
0.717219394500004	0.548158714337348	0.659709677407383
0.921123816129343	0.86123777733242	0.440585673991863
0.479825286883779	0.179811064703302	0.80950056612934
0.282151742504049	0.371784670917217	0.986675314599031
0.998460175003139	0.0470846379395037	0.429077754928301
0.485633602591992	0.331791132843025	0.349410123820142
0.800730565004391	0.36169932101001	0.80676160045283
0.480905145630662	0.930908703678711	0.771951196143381
0.811766843689497	0.614294508292477	0.488494519837431
0.0869386848467117	0.955779782475801	0.910091463900214
0.900990087027191	0.672999176510144	0.458250177771901
0.560699763968913	0.594122992639487	0.31948795463866
0.00128543749511495	0.0739482790576053	0.499299019807623
0.810786003624455	0.356100022027316	0.87108369072484
0.797461318223486	0.354560196564794	0.918168328664344
0.226539072686126	0.840193799622447	0.249959461041707
0.575949196506268	0.640924364161177	0.611658782051717
0.382710796493437	0.121829509326177	0.542567485264767
0.154661992171156	0.933596353015674	0.156861993091582
0.643156512008587	0.0205350373967248	0.112641775101722
0.55324797544314	0.921525124423916	0.785640952077527
0.0114981532150405	0.482224888392829	0.379763944251353
0.3309861078537 	0.483510325887944	0.453712223308958
0.830285127661324	0.294296329512399	0.809812245336274
0.701368817920503	0.0917576472702239	0.164372441901067
0.619537146119185	0.31829671995635	0.00456624105785333
0.869496607160893	0.894245916462618	0.64549060521903
0.48115538921261	0.276956712490393	0.767320115010869
0.0237228740117153	0.431618704661549	0.700916467560882
0.180584867568959	0.0747752162044752	0.721451505423268
0.293226642670681	0.628023192113276	0.642976629381523
0.0788675942825468	0.639521345328317	0.12520151730869
0.4586315385339 	0.970507453182017	0.608711843662295
0.912343762308519	0.800792580843341	0.903008173174694
0.722156007179132	0.502161398298182	0.994765820444918
0.886528449080199	0.121698544417368	0.313062539935607
0.891094690138053	0.99119515157826	0.207308455932563
0.536585295357083	0.472350540325209	0.484265168422957
0.30390540990229	0.496073414802585	0.915883873084506
0.00482187699751085	0.676658282371544	0.990659089288981
0.726273382420779	0.969884925042225	0.618682280936596
0.369250011802302	0.0487525193247723	0.258203625799252
0.494451529110992	0.507384057858672	0.228711078981269
0.103163372307626	0.41972781970153	0.0295036593589483
0.00617154501665921	0.141883826880662	0.531665057657131
0.000937364995916078	0.0284122754951996	0.653363602074498
0.313999904931523	0.919506966098913	0.644558753652758
0.521308360864086	0.456092260990335	0.116909293512306
0.00557352882138152	0.759997670892625	0.612982708314891
0.921457401905887	0.764819547890136	0.289640990220774
0.912116491194869	0.491092930310915	0.259525915263  
0.530798771665803	0.860342942113216	0.308278434587772
0.789002397930716	0.354794470758547	0.815662492446444
0.0177134764463238	0.457957843531835	0.235390312147974
0.0472171358052721	0.464129388548494	0.377274139028636
0.578882193462403	0.465066754010071	0.405686414523835
0.232245795536901	0.779066658941594	0.325193380157088
0.876804549189659	0.30037501980568	0.781285641147422
0.993713842701965	0.305948548627062	0.541283311574386
0.606696551016856	0.22740595053295	0.306102859464522
0.896337541237631	0.139522441262157	0.797195789775437
0.155863456034969	0.67032121292796	0.657538731422992
0.464141890622741	0.459323610393016	0.0123332017158778
0.279804383069186	0.477037086839339	0.470291045247713
0.51519469521716	0.524254222644611	0.934420434261868
0.892468834245796	0.103136416107014	0.399487187806278
0.29815524830397	0.335382211643915	0.178553846282211
0.623348628926719	0.212186760367913	0.478928866087892
0.40463426960848	0.205900602604216	0.784877415180615
0.945917581648527	0.812597153621072	0.0122833652479031
0.252020440647388	0.708934694858703	0.15180580651006
0.0492162299571634	0.864798150893672	0.82212701943802
0.706754961380155	0.328940041516414	0.281450629831036
0.719088163096033	0.6087444245856 	0.758487716670375
0.189379208343746	0.123939119337098	0.282741939314987
0.123799642139952	0.0164079531172327	0.385878355422001
0.523286829946231	0.314563201421203	0.721260567065915
0.701840676228442	0.937911830347922	0.933447327433828
0.180769542316333	0.342546099956402	0.139347929572383
0.965646957496948	0.288463681139268	0.951945083659117
0.977930322744851	0.540484121786656	0.660879778052159
0.12973612878925	0.589700351743819	0.52567792848017
0.95186314822727	0.296455312658313	0.854617969996584
0.233313777592645	0.0155434752886852	0.463362394116522
0.991801494728681	0.204922683632431	0.58730151345362
0.274543433578007	0.328722325772383	0.603709466570853
0.660421789000007	0.852009155718614	0.918272668457717
0.381682355600261	0.553849831947056	0.856184498339977
0.315129682568428	0.734619374263389	0.198730597830718
0.454477612140811	0.700266331294676	0.487194278969986
0.406422695334266	0.678196653573865	0.0276784002909802
0.0673024729207635	0.807932782363115	0.6173787520348 
0.592980401866595	0.759795930124724	0.913834064693113
0.447598371397517	0.99310970818303	0.929377540447459
0.9109607659797 	0.984911202446051	0.134300223614229
0.498262278967659	0.259454635558396	0.463022549852274
0.101971745538512	0.919876424558403	0.315031705105226
0.0202444135305679	0.301558779693003	0.868881537052282
0.876428911870545	0.616688462261431	0.603500910850009
0.0751595097012629	0.0711660739365807	0.303767241679024
0.562353788671249	0.477588769736508	0.981963895252889
0.59003218942789	0.544891242657272	0.789896677150343
0.207410940997028	0.137871644058205	0.549692607275067
0.121245005690141	0.585470015921383	0.542802314992436
0.0506225456719392	0.496430781435422	0.527713516972826
0.184922769286168	0.994693060403081	0.787168152531222
0.647945319138442	0.096664805475932	0.707044576623963
0.962977024709329	0.1169092190065 	0.00860335585130535
0.83185856129595	0.993338131342706	0.625291818112736
0.435359472145959	0.068497640578308	0.696457892049317
0.739126713824983	0.630851429249557	0.174046661320164
0.721090609077872	0.220883618211785	0.718937904443097
0.510987285762554	0.428294559674475	0.856809548501302
0.0606798925719596	0.549539565364616	0.442279563957024
0.603482207564396	0.600162111036555	0.938710345392446
0.13119572407156	0.785084880322723	0.933403405795527
0.918363876602782	0.433030199461165	0.030068210805798
0.625408452761084	0.396007223704833	0.146977430277959
0.634011808612389	0.227865784535122	0.140315561155004
0.259303626259465	0.663225256681081	0.208813201733312
0.955761518774443	0.402351970506065	0.839664630982869
0.129808179628946	0.123442579118275	0.0605482491946538
0.848746084072043	0.634429864880829	0.488842808869129
0.705555632573346	0.69510975791845	0.038382373768083
0.147835196064708	0.298591965017185	0.638544484804638
0.0865455414571546	0.429787689554406	0.4236293646617 
0.0199489467870206	0.348151565691527	0.856659564122865
0.0500171575928187	0.973560018918272	0.252666787362037
0.196994587870778	0.607571827065  	0.48053257236282
0.337310149025782	0.866875453790126	0.14375782857824
0.546123350759094	0.822636972098908	0.546109799084305
0.385787981741963	0.952445151727854	0.66955237820258
0.446336230936617	0.801191235799897	0.303982243083409
0.935179039805745	0.506746867907581	0.999092001001859
0.973561413573828	0.65458206397229	0.297683965553382
0.612105897912805	0.741127605429444	0.727471655107789
0.0357352621088434	0.761076552216465	0.0756232207993154
0.892394826697369	0.811093710274945	0.0491832392519262
0.145061613593745	0.00808829768006145	0.656755066316926
0.625594185956565	0.345398447171505	0.523630519641391
0.769352015000466	0.891521797930599	0.346267491274638
0.31546181361911	0.277309779206901	0.298712643002492
0.985014192287351	0.723646010143517	0.0999038783367276
0.288996434905099	0.658825049483602	0.606650746244309
0.288088435441297	0.632386462591768	0.261232809750937
0.585772400994679	0.244492360038912	0.00236041518038158
0.313244056102468	0.280227622613417	0.763436967396847
0.388867276901783	0.172622448845125	0.57453067720613
0.438050516153709	0.31768406243887	0.582618975351853
0.0948055820049744	0.943278248861096	0.928017422523358
0.618436102112027	0.712630263395901	0.819539219988295
0.964703593386665	0.0280920765493494	0.0968489991951962
0.263416235923495	0.0131062683710392	0.820495009338714
0.363320114260223	0.302102703276138	0.479320058822315
0.969970860504532	0.590191138717435	0.111706520948422
0.231203670255469	0.175963539712114	0.356198881452996
0.233564085435851	0.489207595814582	0.636426504066413
0.997001052832697	0.878074872716365	0.809048952911538
0.571531730038827	0.316125388404413	0.126733014884746
0.154150704925019	0.410930970409387	0.0700112632801809
0.082168126982715	0.0293670720557529	0.782641526676082
0.901707346971011	0.994070665908079	0.810733603691092
0.998556346166207	0.257486901365913	0.823839872062132
0.81905135550492	0.620807016091797	0.12594257533827
0.298371413861574	0.590777876130667	0.716133714055705
0.410077934809997	0.821981546386136	0.892097253767819
0.766276816262992	0.0555456313563258	0.381304849116739
0.402703319863744	0.0525466841890228	0.259379721367443
0.21175227230962	0.62407841422785	0.575505109771856
0.338485287660028	0.778229119152869	0.986436080646904
0.408496550940208	0.860397246135584	0.0158031522369958
0.19113807761629	0.762104592640933	0.00987381767941351
0.00187168084172145	0.76066093880714	0.267360719510988
0.825711552903853	0.579712293846399	0.888167735602785
0.951654128242123	0.878083707707973	0.478945611267791
0.667787842297828	0.288161642052308	0.300927157653927
0.559885095599985	0.054438458315301	0.356472789010253
0.941189945182386	0.457141778179045	0.409019473199276
0.200569666084167	0.668894050954326	0.0330978869614647
0.776074776321684	0.00737933814869231	0.811327006114333
0.762510856502927	0.415875889088901	0.671724251784256
0.778314008739923	0.607013966705191	0.433828844425189
0.788187826884998	0.608885647546912	0.194489782766667
0.0555485459303244	0.434597200450766	0.774202076613066
0.943716281533109	0.386251328227227	0.652285783855378
0.422661892335239	0.0540391700593937	0.940447425907686
0.723589049989166	0.61392426612504	0.994885884222987
0.0800618389994194	0.555114210841765	0.452027662402032
0.489081312198695	0.755683876925932	0.120921712890697
0.522179199625821	0.531758652781955	0.128301051039389
0.333506205274494	0.294269508819221	0.54417694012829
0.00523045705874937	0.0725835175591444	0.151190906833481
0.439059301483938	0.860771344444142	0.760076554380393
0.633549084250605	0.916319890374467	0.194673754365497
0.40775116039801	0.860036171441915	0.580925083058386
0.0600369437877261	0.282698063311492	0.634964253117779
0.00048436922975088	0.00628711330065835	0.248888518777158
0.995370253918399	0.0863489523000777	0.804002729618923
0.44739791585477	0.575430264498773	0.559686606544855
0.568319628745466	0.0976094636589333	0.0914452588611493
0.696620679784855	0.431115669399088	0.385714768146032
0.240797619447484	0.436346126457837	0.458298285705176
0.391988526280964	0.875405427941776	0.319069629683657
0.152065080661357	0.50895451172672	0.235389519592463
0.346738835026854	0.916705672124729	0.0954256905687161
0.92766391808524	0.976742615912455	0.378123753880208
0.562628171203019	0.977226985142206	0.384410867180867
0.811516689980178	0.972597238594944	0.470759819480944
0.615519419599101	0.419995153984053	0.0461900839797175
0.175206025678295	0.988314782729519	0.143799547638651
0.266651284539444	0.684935462048713	0.574915217037739
0.652366052685476	0.925733081961858	0.011261343029915
0.110664337924991	0.31772160777716	0.886666770971691
0.429733967608648	0.469786688438517	0.395621282232749
0.665123487201111	0.816525523931033	0.312326953891817
0.760549177769827	0.744189441550611	0.289069569338611
0.138672931650036	0.306817612287969	0.266296554480817
0.523083798830902	0.118334302268147	0.2388937926101 
0.993843618777508	0.733853721867247	0.658888947059814
0.0400337022915639	0.909059747545542	0.647203729323672
0.183833249930215	0.175711031619325	0.332139191372385
0.758748467433615	0.828077084770462	0.257872272868581
0.77000981046353	0.938741422695453	0.575593880645742
0.656676581435221	0.368475390304101	0.045380569084259
0.0522978632023082	0.0335988770395512	0.861906093015292
0.364624817559787	0.79414805527504	0.606095534100242
0.653694386898398	0.932820986925075	0.912913146853872
0.919990941379215	0.455904785290316	0.0312474486563576
0.158884733989315	0.449748403602163	0.765101170523605
0.81777368104913	0.489782105893727	0.674160917603486
0.46497740990714	0.673615356289603	0.849871949222811
0.797116601279525	0.432363823257556	0.677949033527611
0.0549888736824453	0.202373633255425	0.616690456223064
0.630582754793848	0.859050214690645	0.985165846527166
0.675963323878107	0.911348078358615	0.0187647231010556
0.537869416427738	0.27597289545274	0.812912778376095
0.143964950062318	0.929667282351138	0.745733764835509
0.0568780964505291	0.849658223730353	0.201638550125825
0.0881255451068867	0.00854295725400697	0.651386953727988
0.853226715630492	0.826316638303137	0.141169059621715
0.527387632768316	0.291294047744616	0.814784415911317
0.377259581991127	0.0884106490241413	0.247148238703212
0.0552086150530766	0.143399522706587	0.449521871958637
0.671899071276141	0.773982277500435	0.308572086649282
0.657064917337645	0.449945600912881	0.219920164542236
0.675829640904362	0.987815017340619	0.495893059994976
0.488742418814796	0.131779967402937	0.425560341880452
0.234476183650306	0.188658063853466	0.275218565145144
0.436114733776131	0.276783609426014	0.283761522399151
0.0875016870384578	0.130010324590844	0.110078160236626
0.228670746660172	0.657397957824822	0.401372208446903
0.0434551621058281	0.0346575393502868	0.489782857471045
0.29060340080904	0.0898661544033634	0.633182380177631
0.740125273233338	0.761765226145166	0.407164657678066
0.0486973594169586	0.41883014301715	0.857110258590947
0.268617523959194	0.0946597834558505	0.844925275931566
0.76451058395417	0.583402202736308	0.976705243334503
0.19007092536896	0.817878386386614	0.165363306722307
0.465289490979765	0.253993119697083	0.442146916148321
0.749051013378916	0.341494806735541	0.572157241204827
0.859129174081203	0.570165553861375	0.229555198563987
0.260501382062445	0.613620715967203	0.264212737914274
0.75028423953349	0.904224117241904	0.354078892317637
0.38346661924546	0.644349390009581	0.115844117997142
0.790631276923526	0.693046749426539	0.534674261479952
0.647741535514473	0.961664273385733	0.629334044935803
0.492666810980377	0.726174856874242	0.21273624720645
0.469372053849218	0.916245782243202	0.0306146331274019
0.634735360571526	0.381535272757306	0.284607752824485
0.0768822767198469	0.130586286136222	0.626102560025688
0.649039517924674	0.989715460217425	0.196268113421401
0.878594716488661	0.250216841814209	0.809888829388604
0.142807453937273	0.000501080882037562	0.714112946164847
0.496886346254911	0.383967700127497	0.358462335708766
0.612730464717713	0.174598977051023	0.0515090846696445
0.147404725732005	0.822340512565496	0.0131733575897167
0.776738770667808	0.315007323080212	0.739348214463959
0.989475018339918	0.78437937692943	0.655593996707161
0.0200896510016591	0.419114737035294	0.037129268998806
0.304697404291806	0.495997013755141	0.167715555135028
0.930799964317493	0.145036531214154	0.157431014886792
0.127068077273233	0.023631247237153	0.407647856701001
0.936956906661837	0.166438701174426	0.408148937583039
0.651069852826684	0.663325047894998	0.792116638176197
0.00953218806978883	0.27605551214705	0.96671561522722
0.0610412732050946	0.423460237879055	0.789056127327055
0.0742146307948114	0.200199008081201	0.104063449941605
0.813562845724431	0.189674025955458	0.888442826871035
0.469156841965931	0.209763677422779	0.307557563440668
0.506286110964737	0.514461081714584	0.803554577661471
0.674001666565426	0.445261045566416	0.948591108875624
0.831432681452219	0.572329122839649	0.972222356578439
0.23908053815322	0.509286029035824	0.138661057287204
0.647229475736259	0.160355881396847	0.801986105182202
0.439346113446795	0.169888069932297	0.0780416168635905
0.406061728208355	0.230929343137392	0.501501854742645
0.195117855069748	0.305143973932203	0.701700863289508
0.299181305011353	0.118706819190973	0.891374889244966
0.187624131416727	0.587863661156904	0.101138566202083
0.495181695323056	0.0941497721216407	0.615599647916667
0.298736272518866	0.768151438687067	0.0608606930174216
0.247327380928829	0.599584119673625	0.63318981585707
0.219549737041606	0.838664657826845	0.142475844892895
0.358210794794471	0.485894133563104	0.302831726289742
0.160196899511012	0.9252402470099 	0.472719796222038
0.238238516840264	0.331301975218254	0.70364913935943
0.739740371582909	0.526419830288002	0.0087931132916329
0.441441234406755	0.825601135765017	0.127499932482606
0.332816123651721	0.0132252667160822	0.715363594105171
0.433954689853804	0.508406962039139	0.809513366226812
0.0495543377704706	0.807143234558005	0.577664804448218
0.110415030787892	0.0544706154868336	0.177248923656181
0.743604847110624	0.27402035252844	0.0159135814830258
0.886080692003519	0.632231147322911	0.50180771504613
0.188912417827599	0.792428047299584	0.427047961590368
0.661632214515299	0.0306665636741866	0.758349936808622
0.365281353409067	0.770406935257095	0.284769767096625
0.3740744667007 	0.21184816966385	0.11037090239598
0.501574399648967	0.544664293315571	0.123596169112062
0.216937993288477	0.978618983169375	0.632003131616862
0.0264513590496273	0.0281733204741838	0.439146365709205
0.604116163497845	0.138588351727737	0.493616981196039
0.781365087154026	0.882193198838361	0.76763733419014
0.797278668637052	0.768273890376219	0.39986848104739
0.29908638321752	0.957186308203817	0.192296527881313
0.72613434527355	0.618818522253455	0.2229630915555 
0.484484281616511	0.984099876128184	0.993370027278257
0.769254048713136	0.358174342363223	0.205218196476446
0.879624951109115	0.85974874201219	0.749882489792017
0.00322112022117764	0.0766867348350057	0.72850147249573
0.63522425183804	0.103138093884633	0.756674793435575
0.0743706170815838	0.707254257382478	0.895263145163312
0.567987598743284	0.488619344536503	0.777456343536012
0.335624932467763	0.285898012707894	0.545730233446569
0.735493413515153	0.584984396391075	0.502916541184726
0.927789941862128	0.311118741198964	0.12173506343818
0.150753032951966	0.795603022815475	0.105834939100703
0.144123059764562	0.56485707152861	0.464009281463925
0.349341256241007	0.444482022172065	0.323758023476115
0.0992237455673626	0.447703142393242	0.400444758311121
0.827725218528754	0.0829273937656206	0.503582852661415
0.584400011498667	0.157298011312866	0.210837109578232
0.479663156196318	0.72528561005615	0.699456454114735
0.257119499266669	0.0609105420582511	0.98535446728829
0.802849732713238	0.796403955573404	0.570338863213704
0.305766273432302	0.724193896969871	0.881457604412668
0.427501336870483	0.874946930387498	0.677060626762482
0.533336275971185	0.0190699896863988	0.241917697825431
0.997345557900772	0.368411246393067	0.686399720463157
0.321103580911226	0.46763499196043	0.134102862390737
0.721548339222348	0.295360210023522	0.217030256622019
0.225131191418102	0.87976022152219	0.374328267934885
0.435968301461995	0.359423377252847	0.0996138775253733
0.135424755111069	0.616542876519516	0.160524419583624
0.120779221933698	0.419392608767093	0.956928375157029
0.691118085147402	0.725158882665056	0.681122272126899
0.572575689094409	0.152660219069878	0.556069202048736
0.249636315856891	0.685996495506725	0.575139191735135
0.491554013682322	0.683342052941835	0.943550438128202
0.177953733679817	0.0044456333874006	0.411185430088632
0.312056596536216	0.725993972609748	0.706545640112155
0.529086853158235	0.951125164493511	0.586305861634345
0.90341512109312	0.387093465489845	0.945729238887191
0.00302899815283203	0.522518220600913	0.562272115406707
0.163553417736456	0.643297443000273	0.981664724173799
0.120481792427824	0.334415527682014	0.706823606373194
0.801604064554723	0.906991217242084	0.859483825908733
0.357673266137798	0.156627532633314	0.545480320949797
0.932812458338594	0.648181546315635	0.228822373425971
0.876362896001135	0.826135280461114	0.233268006813372
0.287548325624107	0.138191876531668	0.95926197942312
0.994093966201923	0.667278729689903	0.910387143450969
0.580399827370606	0.570693850317362	0.297480608475153
0.526129065792136	0.573722848470194	0.819998829541727
0.0884011807331821	0.73727626620665	0.463296272076339
0.0700659049069816	0.857758058634474	0.797711799758352
0.776889511280176	0.659362123189197	0.704703016534775
0.636373336723248	0.0170353888613337	0.861330549168089
0.181853657207384	0.949847847199928	0.509512095483724
0.410676030633355	0.826210743201063	0.335647375479176
0.643944037446726	0.113759068359509	0.473839252010844
0.603206016869846	0.10785303409577	0.141117981235086
0.513593159855154	0.688252861466377	0.711811831552448
0.811073768795968	0.214381927258513	0.28553467955698
0.631072597872034	0.302783107991695	0.022810945297969
0.0943688694827114	0.372849012898677	0.880569003932443
0.892080669241064	0.149738524178853	0.539931126655979
0.596783685775839	0.786111860902101	0.556966515982974
0.458114234478266	0.967965518575146	0.50681436271724
0.96762632996199	0.378641548742839	0.333025105452642
0.303273704975505	0.0225855861895651	0.446784174277812
0.77711295698635	0.625791603059411	0.554637208373583
0.918230938221436	0.139384762448904	0.242890069839959
0.630042769308222	0.950458531244871	0.457271997098472
0.915577448865202	0.581531128651244	0.760055105090167
0.938388394163171	0.675899998133956	0.132904117988844
0.818957398095614	0.567980667375019	0.282642642167696
0.358888524285931	0.164764352685196	0.0687545026041355
0.915855040268905	0.622878587163463	0.0367200207136199
0.422669402986145	0.590504917125453	0.41536156992212
0.755694508438788	0.893778622100958	0.437947156111685
0.202478682250939	0.670891579087307	0.0637387587054347
0.757115891090183	0.589122516843082	0.203123521154338
5.96046448031462e-06	0.219165286151304	0.15358205239921
0.457277957562952	0.134742734550844	0.735113181050454
0.217333062187458	0.0731311287140153	0.411013179184409
0.350237180176301	0.892088526809629	0.978993846559429
0.632879822343998	0.250977050629899	0.143758198778964
0.701634325413794	0.166832090898804	0.766636785942426
0.738354346127414	0.58950149388495	0.357141702602218
0.153715915583873	0.345196001858076	0.250920324703176
0.591663071695558	0.547674684574676	0.921811903790483
0.655401830400993	0.304790575199197	0.510934420167904
0.858525352020993	0.304796535663678	0.730099706319207
0.012107403954541	0.76207449322663	0.864842441335713
0.747220585004995	0.979407555414088	0.937973570049728
0.158233763723743	0.329644735590389	0.830062096393696
0.13722760981751	0.962524557934387	0.0810391465579342
0.280985808596474	0.66415888288252	0.247871237456739
0.0476225945389003	0.402513229009934	0.837372731341688
0.404764297141118	0.556229144593807	0.182568733199764
0.655684621844294	0.147892216289366	0.73024341777444
0.577496525169116	0.803294046690359	0.0350339925079765
0.0884309453370194	0.66181939824569	0.339830528171654
0.818530651656227	0.673926802200231	0.101905020932623
0.683373092526278	0.421147387205226	0.0813125758810493
0.621346662110345	0.579381150928969	0.410957311471439
0.45140875803838	0.716608761212141	0.373481869405826
0.532447905061975	0.997594569808615	0.0376407518226843
0.780319142518714	0.0452171638818538	0.440153980832619
0.617691873860402	0.449981461488633	0.996383125892087
0.800260607060166	0.105666082867266	0.144275341715792
0.530504024368946	0.683162608502043	0.947569388406151
0.565538016876922	0.771593553839062	0.609388786651841
0.905368545048576	0.590124205029627	0.283315588386411
0.00727356551553754	0.273497297555905	0.704462975591637
0.0885861413965869	0.89484395966625	0.283844126520606
0.499543453333687	0.34625271770463	0.000452887267085205
0.873025322739512	0.878700622766605	0.9980474570757 
0.910666074562197	0.659019764819657	0.0432646209575537
0.350820055394815	0.276711638214398	0.493246082446187
0.347203180821241	0.0769722448089031	0.598912165313453
0.491478522537033	0.607476269177849	0.282074773349834
0.439047910477523	0.173014285589109	0.0536683267232349
0.0484366966637022	0.0783828301720241	0.643792532218524
0.331752285515774	0.0856563956875617	0.917289829774429
0.0362152606417496	0.17424253754981	0.812133788975018
0.320059387162355	0.673785990883497	0.158386506213987
0.320512274429441	0.546811313157348	0.0370871285149302
0.318559731505141	0.457477387253883	0.696106893800249
0.361824352462694	0.808297442648698	0.972818532014647
0.855070434908881	0.155500623004278	0.0497907768235499
0.453982599756672	0.646979145541312	0.657267046001399
0.736057373572168	0.0860270560188345	0.830281332056169
0.789725700295403	0.134463752682537	0.908664162228193
0.433518232048265	0.466216038198311	0.994320558381416
0.350808061357033	0.502431299305722	0.168563095465565
0.162941850332051	0.822490686468077	0.842349086349061
0.321328356546037	0.143002960897518	0.389160399040748
0.358415485526629	0.461562692402658	0.846637786294631
0.0545223788612161	0.823387044865353	0.654935228943329
0.0273409104102016	0.678457479308572	0.810435851947607
0.0771316872337515	0.132440078599583	0.457414997488919
0.734398733700811	0.868497452171751	0.543442053507754
0.564680065291319	0.658223152467154	0.67790580619029
0.473344227053851	0.0917413840497571	0.144121844388601
0.467664784969606	0.442549445872451	0.646553143694323
0.636227880435171	0.605491296204501	0.469043829696739
0.478576966318571	0.926819652750538	0.612046790594257
0.867737365359318	0.285235137811506	0.0736094825312539
0.714375151653949	0.339757516672722	0.896996527396607
0.369310380131616	0.367098427548585	0.575454006239518
0.179746231613563	0.444230114782336	0.707894085304762
0.637161229102482	0.178628848017486	0.576391537010852
0.180603282144574	0.743308913308805	0.234614689012344
0.858509088800526	0.216653140362656	0.326356073527763
0.00263093272346581	0.684317925332262	0.768905519400214
0.649184076417789	0.320545805767433	0.374396815139054
0.118227905648867	0.799122772086003	0.301216467423931
0.730274696708785	0.666860137445321	0.586451605701098
0.803884179240039	0.381235288633609	0.92620912237382
0.700880706636645	0.750545668765225	0.293307549456743
0.276334712410502	0.930291900378788	0.737537664704741
0.984228797715264	0.56745312948127	0.916166512722227
0.560620334726116	0.748056411625844	0.659475426031032
0.79523502373846	0.606565499960708	0.876128566393689
0.121591096800562	0.609196432684174	0.560446491260289
0.890496616200775	0.258380508636302	0.880992297027722
0.264893430874168	0.37660841475083	0.680115069113725
0.56610989876376	0.106883110993953	0.346975206093385
0.152561503999197	0.910767290233992	0.728210494726994
0.0787706259073553	0.611647996404976	0.478756163026558
0.37207817582976	0.887982709281138	0.409048062939685
0.109615840068839	0.872211506530741	0.976501192420954
0.0257823523254052	0.432831840791196	0.724557604046798
0.685257778356437	0.228066864529656	0.331123103541845
0.561386344284465	0.349657961330217	0.94031953669168
0.121832835544754	0.240154577530992	0.198700044862321
0.00282513210681506	0.50504800840516	0.57530845961315
0.68294020122054	0.0711579067032588	0.682191570607103
0.0299154068482646	0.223719410702456	0.592958860841095
0.758125901575259	0.302490037075472	0.204606856780409
0.236882064136156	0.674568212905232	0.0925895655958865
0.645930127541502	0.784184052974071	0.964801072592289
0.622431319496795	0.809966405299476	0.397632912917823
0.346988923077932	0.495224183655914	0.625699777447479
0.678112027085438	0.0566105274747175	0.975357739243357
0.618431563311457	0.178443363019472	0.215512316308689
0.817131608173778	0.181268495591948	0.720560324713849
0.392440067786928	0.864208696812488	0.791718231882769
0.0746316379283702	0.894124104126414	0.015437642119563
0.667590498769465	0.652250005236012	0.317927679195035
0.872197356015536	0.889132069837829	0.992495892100267
0.964786921611422	0.53506219691367	0.776679944608677
0.92958799373805	0.157493515944804	0.586646349908154
0.327220906655873	0.504482439488397	0.0818705330984064
0.952920684103351	0.182594466108174	0.138481060573124
0.928278422881047	0.801026029419632	0.316924424058257
0.143790738724075	0.618157637127749	0.498192919650205
0.864351063903585	0.0105977044490155	0.362401615997032
0.656069295320692	0.085229342843047	0.256525719657785
0.671506937440255	0.752819841612512	0.908775725359458
0.989434617100952	0.625017197162387	0.797907794731626
0.981930508735557	0.589804118773809	0.332969991179635
0.758610453344234	0.519392112046197	0.490463507124439
0.345256802786727	0.84661301870207	0.994945946612836
0.427127335885133	0.799533702805421	0.177540412255349
0.565608396458257	0.727812125220807	0.978566441674981
0.882532820516514	0.871602864410543	0.596724078802729
0.380725739701058	0.735953927848467	0.607321783251745
0.743127356163751	0.392023222703497	0.692551126094792
0.999653075821536	0.0635301596780914	0.445370967707304
0.908428800715333	0.0529647763133816	0.0703881644040291
0.706336594981298	0.034895285048939	0.660192283177838
0.0393065856952717	0.793505738393173	0.179584395224035
0.529770093285372	0.138762540714239	0.0261974134604435
0.524716039432546	0.565889876599372	0.825731116265865
0.702256452153556	0.131498272591968	0.553543241486672
0.680822893362875	0.0140310931084822	0.425146105431554
0.277546971699943	0.39475683280954	0.161100032814359
0.884868755417349	0.13788418850763	0.553123255517857
0.57741988104648	0.137537264329166	0.616653415195948
0.022790848288122	0.0459660645788377	0.669618191974991
0.0931790131578124	0.752302660025797	0.70451347702393
0.75337129633565	0.791609245721069	0.498019214951442
0.932955691559685	0.321379338540779	0.636781755665681
0.95915310548579	0.846095378438987	0.202671631799392
0.784884221285993	0.548351830126881	0.33416990439136
0.338427462307004	0.229174723024096	0.348200997499843
0.763573567738558	0.5067216951897 	0.742957830775044
0.924673600552917	0.391590450141388	0.880842019282673
0.477796855605113	0.969010331187868	0.018379283146178
0.094450270801061	0.991801179941651	0.0643453481906771
0.764068462776052	0.0849801926338022	0.816648008216474
0.468581939334321	0.838351488969452	0.608257253471882
0.966601154285763	0.771307180529138	0.929636592478322
0.603382909485783	0.730460285549266	0.775731970451647
0.806054541285175	0.515344506369598	0.324083800112868
0.140224445210874	0.853771969142264	0.553258523136963
0.488425443176378	0.61734553641516	0.0599802178610024
0.231383273485761	0.542019136968078	0.451570668002391
0.112225292302773	0.0198159921075292	0.420580999190258
0.130604575914612	0.11426626290859	0.412382178666248
0.194949924105289	0.878334725684642	0.49736237130005
0.0115979318561023	0.346916664553302	0.335713859803841
0.619855185327984	0.313517818373403	0.107021039867318
0.549491777340645	0.916900727859186	0.837481325416584
0.325223747326631	0.7229552686787 	0.352825831786183
0.649307547439499	0.863179714355236	0.206597800462785
0.202566070576462	0.351605157065953	0.823943336877946
0.262546288437464	0.582988430551714	0.365962473380362
0.714116956905516	0.695213722854487	0.385778465953552
0.134697955630113	0.825818298769099	0.500044728862143
0.547080134296361	0.0207682224087269	0.378379454546785
0.0444425051307504	0.0323661542648292	0.725296119100086
0.380156364934592	0.652221340058475	0.0388139374734899
0.487177405267571	0.201713116933458	0.955714665332676
0.324658730218494	0.52693686472575	0.678669934011376
0.677484562004676	0.176244411699588	0.541849647900951
0.884082362467461	0.37881048227605	0.893454804966904
0.708025699345407	0.641356771179175	0.476443235052956
0.0739881722601076	0.35547372761903	0.171656957441781
0.45976663821366	0.490171683249144	0.997475256676541
0.959811367541464	0.0372518170798439	0.0182434786196069
0.338190821622587	0.0816943222105942	0.0506096333500974
0.0634869402570123	0.461850687145186	0.702830973408572
0.102300877730502	0.949028092412757	0.90454409034203
0.0580155430631784	0.27368682263125	0.431480954602119
0.736685477074555	0.951171384635927	0.607725366767368
0.278535124509845	0.835253747103388	0.986535849043418
0.171989929011087	0.543279445983134	0.627892619756932
0.648433164064043	0.617267618243242	0.983366347375962
0.820090121505824	0.0770342564569014	0.473538030159445
0.817565377716704	0.0368456235327039	0.510789847239288
0.835808856801972	0.375036445155291	0.592484169449883
0.88641849015207	0.438523385412303	0.0543348565950686
0.58924946309498	0.540824263608467	0.00336294854216415
0.493793552971349	0.598839806671645	0.277049771173415
0.925274508039129	0.335525283280539	0.228221155809342
0.532999874340836	0.614060407790384	0.0634749024470685
0.519535722918592	0.78605033680147	0.606754348430202
0.147428342675524	0.434483500399852	0.224021966207783
0.130794689585825	0.254573621440015	0.301056222664684
0.604332720210931	0.0721389991567186	0.337901846197388
0.115122566984558	0.907947855958691	0.712938291352679
0.707606736900102	0.794366345645099	0.151461676764983
0.76194159349517	0.383615808274418	0.69228594037345
0.765304542037335	0.877409361245767	0.291125746579434
0.0423543132107492	0.802683868819235	0.626651029859973
0.270575469020091	0.335683742694409	0.240711437184695
0.334050371467159	0.855219466078663	0.026761773520504
0.940804719897362	0.0026478082885257	0.461245273920356
0.164826685639483	0.133442497874351	0.715818895360371
0.465882908769829	0.737775218085281	0.787957894517089
0.803784754967217	0.8528977855355 	0.695905750010119
0.516723046319896	0.560504521969941	0.490272095189557
0.668184723084879	0.32244611499945	0.873887903463975
0.360470662992667	0.0877506565711231	0.751297264709741
0.6515964095721 	0.130104969781872	0.553981133063315
0.278247438966412	0.400680438801963	0.889664876223386
0.518958876151107	0.734730810269122	0.744884341836387
0.545720649671611	0.675535529700823	0.747532150124913
0.00696592312630542	0.840362215805967	0.880974647999264
0.722784818486676	0.306245124110135	0.618749866084545
0.510742713003765	0.11002987861169	0.471647651154384
0.206648462548223	0.626752924931586	0.0321521726586633
0.69692055820344	0.294937647550803	0.354598287658113
0.570808461201754	0.65540831054347	0.442348944229236
0.322105725445834	0.307004719649909	0.57245391447677
0.87608685897481	0.585252158616321	0.973134353278733
0.765751734732535	0.104211034301767	0.707865163547855
0.510636076103261	0.649931683973377	0.383400692783017
0.258168225762513	0.656897607099683	0.223762908123323
0.139142873296115	0.379682425586359	0.530008032233458
0.75789273938066	0.890425138590124	0.64003791131081
0.229540390069382	0.0970736006726854	0.266790835776735
0.261692562728046	0.793994158876126	0.561728483793199
0.616290850386159	0.364802620077879	0.217136793871008
0.0586397946153953	0.686908345523713	0.524141513986579
0.631093709092165	0.562995204032862	0.109393672137239
0.604228061905237	0.328746938299736	0.213604706904667
0.312093224987431	0.839383014402996	0.863536390878044
0.695493918236109	0.0975512396998476	0.520433997977727
0.919256826359433	0.236694113461624	0.900116423564086
0.449264858592891	0.994586852842284	0.790541561688549
0.0893027694380389	0.224127242911666	0.887615162361234
0.356093605214774	0.485819805639712	0.68160932123736
0.917822089007973	0.102110656025871	0.046411940849578
0.134958882878981	0.160750450641266	0.733320286373291
0.65910039686556	0.791844159733431	0.296315490406153
0.768494069002799	0.396072221173007	0.625062428705889
0.982098775907466	0.708165446626099	0.464445443108885
0.84563516678551	0.403659364396548	0.561996682808733
0.366069164297576	0.322916190290319	0.798690796270357
0.266185587396  	0.772181048883209	0.793277649112641
0.0567271486188877	0.861483818321248	0.0174048915586457
0.944342310980122	0.217577423536022	0.503224697198358
0.62595163175182	0.135399512078333	0.605335353224229
0.672363572601398	0.270358394957314	0.766085803865495
0.40568385897469	0.929458791822874	0.557929963133265
0.701999349380843	0.697952860825673	0.954002184771934
0.327061777621071	0.680051636267477	0.662167630932372
0.791507220729956	0.525686802587326	0.0658269948632582
0.353503903538689	0.891755966884902	0.388743185153577
0.152194699343385	0.157941553815241	0.160924234036787
0.945472348456025	0.214668702434128	0.0224080518923737
0.962877240014671	0.15901101341425	0.239985475428396
0.466101937213029	0.784962645166071	0.37538498797239
0.0714372899715962	0.457326217767469	0.645743382929705
0.837523094302753	0.863010076742158	0.575202174752579
0.395453056970357	0.56500942565734	0.273155035112591
0.349455241276629	0.892071203278411	0.953206671380069
0.0116228717433395	0.683578424008367	0.478893473967395
0.0774498666065977	0.0370823270813945	0.370649440386635
0.466193052225836	0.189277026424779	0.528590994667537
0.627117286262623	0.134749374880804	0.743259697101666
0.649525338154996	0.0976266144298141	0.902270710515916
0.889510814049053	0.563728551642843	0.687233355681986
0.264895801555782	0.6351658420801 	0.144559572983794
0.910639184485487	0.472688935917192	0.00756964926029074
0.485841358772405	0.868141992887548	0.572579074917631
0.758996393884996	0.217597234164177	0.46465027773038
0.712203065265065	0.229220105907517	0.148228701273086
0.191096538766798	0.306669972979776	0.18531102835448
0.561745979153433	0.772863025205612	0.374588055244921
0.0903369733553086	0.399980311002573	0.509337430125725
0.833596670922635	0.0495056486919083	0.606964044555539
0.73586738097289	0.939016462740962	0.170692596198382
0.423100736189215	0.203912263831083	0.805858438278482
0.567660309173009	0.11455144831657	0.278547373730013
0.575229958433299	0.600392807088975	0.1466893661519 
0.147809032885269	0.359389200973971	0.364286600316077
0.61245931108131	0.0715922657733747	0.593506706689255
0.760688012354396	0.262688804540173	0.90017667966903
0.945999041174538	0.824434783693605	0.673039704408981
0.320587095953797	0.914771757514575	0.0730200149458926
0.829924526079523	0.74836842797155	0.122525663637801
0.436888570169401	0.484235808478778	0.0615421263787626
0.607581166367783	0.907336545133654	0.265454390209845
0.413439604180604	0.474996853841002	0.380005838526416
0.691986977910617	0.0502268122743009	0.980398646081052
0.838676344528178	0.19803584515957	0.339787846589362
0.202962944378593	0.81049515624088	0.411380112362737
0.796469651067848	0.571183168595276	0.674068916902909
0.696646330271217	0.517182209304153	0.498503700130854
0.369686034214537	0.837769305257951	0.413275457179768
0.442706049160429	0.667693830871812	0.161643884685656
0.565231713263892	0.104582400575551	0.645879693630095
0.626773839642654	0.712163567408995	0.553216238298088
0.892228229852499	0.125603171123938	0.0282130916734287
0.272234068378915	0.817590149500216	0.0784399039477296
0.252632713994306	0.656266493562733	0.276475749572961
0.592420560583668	0.859229437941326	0.0869709053481793
0.00380067248074369	0.655699089009175	0.658154073943456
0.677869589383653	0.352345418814731	0.175336282781948
0.176373289048846	0.722031453494928	0.0131055875742368
0.589648746694275	0.164737502189697	0.680799418446049
0.751292631379931	0.729969215453588	0.785381819487261
0.397172324544365	0.356743054630581	0.497545386430596
0.950388562842453	0.24897128448308	0.623148557554534
0.978601654981543	0.521205352861996	0.440738706589089
0.0570415584636114	0.773838066856301	0.0970051996861609
0.333517308036572	0.366258626974308	0.956234638093149
0.420488213850413	0.370059299455052	0.611933726636662
0.0786422873282071	0.0479288883730438	0.964279145451393
0.253978570575816	0.224302177421889	0.68631059848066
0.267084158150053	0.813950924116164	0.851048101136018
0.947883577061763	0.565243555496095	0.581017316123944
0.733265396083363	0.962415880040459	0.937760371220187
0.230810782048297	0.912804442882912	0.186731655237606
0.853959339602831	0.891406097398794	0.707937008099601
0.294698046191921	0.948447655862406	0.481775074490241
0.391703245878081	0.281964963898978	0.848033701464549
0.347937883505569	0.70245317774939	0.21809300045394
0.959871610142231	0.781095465077597	0.266021888826984
0.924150755593623	0.035074035187752	0.490324066248873
0.610461353608622	0.302158193803466	0.304274990365037
0.461509454278978	0.250041770399568	0.869518545861132
0.0425267704029227	0.983307166482931	0.83193442543593
0.980287141623109	0.214117948065567	0.744738867853181
0.167018796395054	0.068077287202737	0.636144964786314
0.874955804494655	0.362775333394658	0.58459262064872
0.356730878519235	0.7544785797384 	0.866557584547697
0.204764579518123	0.102416462778308	0.569010761831426
0.422857579972063	0.0622880729205385	0.350106226443363
0.688879468799047	0.986438828514162	0.385180262096776
0.179203534582259	0.596900181657123	0.687338455900242
0.483478524947296	0.0584096359361008	0.937380226299809
0.352997070342767	0.100936406339023	0.920687392317079
0.184931495778696	0.0812235474964713	0.134805339916984
0.929670363631877	0.248242343891525	0.202882627119721
0.565815328418191	0.123198147920518	0.56565796098004
0.15040794860125	0.479929026439753	0.320136540252779
0.0169655326832857	0.684693605957876	0.422553003031087
0.585976294514712	0.107551185464277	0.484841075951625
0.936082520958075	0.796430654263324	0.471279904000126
0.321262782589189	0.975634188845583	0.0681800856572483
0.00860123802376969	0.459112713792879	0.126589721593349
0.945981464323579	0.812109784135646	0.227526127932373
0.866668856174997	0.997041279914342	0.308749675428844
0.00147419562631948	0.92671164354622	0.556992019320369
0.204356823211702	0.49252697149875	0.680190167240887
0.770014784191742	0.642934920099999	0.160119193214979
0.0901513239788596	0.659900452783285	0.844812799172854
0.512704327009946	0.245876746832336	0.952363984637132
0.997545403427233	0.181959267324749	0.748794638434795
0.468825306961697	0.503222050379599	0.724428826814717
0.537005392618946	0.511823288403369	0.183541540141935
0.663595114212295	0.457804752726948	0.995651324743243
0.891121242144667	0.324473608436283	0.992692604191924
0.19987091710785	0.325947804528264	0.919404247272482
0.756862936428219	0.530304627739966	0.411931218305571
0.437053103203444	0.300319411466047	0.0548661379399086
0.597172296418423	0.390470735444907	0.714766590723193
0.441985095125616	0.903175062454853	0.960643337555529
0.394349079297087	0.900720465416424	0.142602604880278
0.14314371726622	0.369545772378121	0.645824655259878
0.867572544546599	0.906551164997067	0.157647943197586
0.0511140842228728	0.570146279209362	0.615452695924534
0.0467654085004541	0.461267520888367	0.939926304826479
0.0394580126923779	0.661138438461879	0.265874108889082
0.95886225996486	0.418001374424436	0.796178736629048
0.370793478270431	0.855054478093541	0.0964981476294334
0.425659616210339	0.452226774046303	0.48696888307434
0.140426206933533	0.89421186963758	0.390143945063531
0.101069544023401	0.288560948469006	0.290864410479956
0.243672148903679	0.431704666200888	0.660410182858077
0.889496804163557	0.299277210281825	0.566961347389483
0.0471447473611425	0.350391294504698	0.137107626133183
0.662597443285676	0.397156703470813	0.598375147487212
0.602523747646494	0.436614716163191	0.259513585483429
0.868397856535575	0.39547697566239	0.677514959907865
0.664576592698962	0.766270453932821	0.532569437535745
0.761074740328395	0.19193007014316	0.984796212047709
0.248043622937074	0.332356277076693	0.879008081219628
0.638187568466266	0.433425821100094	0.167569029222973
0.929051978946222	0.677097970469435	0.599273695423861
0.589462161338638	0.56659477416733	0.898550905705686
0.156423508262459	0.613739521528473	0.248942200210384
0.293531134861303	0.276336964814149	0.646098903681198
0.891906282348515	0.878860712460643	0.0827136193787277
0.151419867366282	0.747258568996218	0.478190595041118
0.828934827274147	0.411835161229519	0.244461048973939
0.361504264809892	0.172909901557914	0.436391119117099
0.34630047639194	0.420953524494988	0.768747396193793
0.225308557145907	0.0591410924955928	0.202173216828226
0.39287758636888	0.988193071441815	0.879271187297661
0.992151282258402	0.577655232314791	0.445865961464991
0.890702187498427	0.734078741042911	0.0596054825278025
0.13964438724315	0.0276098754385532	0.335942447341952
0.785743290924348	0.919516157787068	0.214803159802595
0.868456910303075	0.0709360246876888	0.962061728798813
0.346647505344193	0.899870851961836	0.373896889562671
0.591108554318132	0.261375116306066	0.546806791120585
0.0274996729695702	0.607675592698006	0.967760316081233
0.796247069163363	0.832984149843913	0.026901408111165
0.998420285991589	0.225861736212793	0.0150944795529798
0.877691473289249	0.218013018005534	0.592749711867771
0.323557434288579	0.108715205038299	0.326828452445021
0.383162916816381	0.248359592747111	0.354438327883574
0.719105364623994	0.034102883205797	0.273954485204981
0.933908524426589	0.902559793974534	0.34489050989267
0.895970252759741	0.249207298853066	0.244761361854505
0.26986714185675	0.840315853171198	0.506136478160572
0.816673933442996	0.867815526140768	0.113812070858577
0.784434249058568	0.66406259483847	0.94679622070249
0.811335657169733	0.662482880364397	0.172657956449621
0.826430136722713	0.540174353187985	0.390670974455155
0.419179848590484	0.863731787476564	0.499386179959116
0.746008301035505	0.246894704292945	0.747745772706226
0.100446628919079	0.966000068916939	0.781848655912023
0.37440111412406	0.899908592877867	0.684408449420896
0.719291624482391	0.795878845171947	0.933615748273961
0.964052986336897	0.0657459865630353	0.773931600979497
0.470189464031807	0.882419920006031	0.641747126654604
0.584001534890384	0.666854168598938	0.305809721027412
0.530797755592874	0.478189825768671	0.968292601857471
0.703455712042495	0.304619962025722	0.508466954579794
0.0941266864976504	0.723799810616206	0.372198742056358
0.593512866456766	0.469808111651711	0.619093446349303
0.341258638697331	0.570254740570791	0.585093514800581
0.123107294143693	0.944655854694851	0.485002107212787
0.80751574403025	0.663947478711581	0.280880951919072
0.74113149183855	0.628000464582816	0.346626938482107
0.515063092818047	0.0981899286146229	0.229046858488138
0.15681021900699	0.682191463505007	0.895901027087076
0.462619940500064	0.21298921863222	0.374090852390086
0.430912541891873	0.916444931140377	0.678710814881469
0.939379496471667	0.0105716171723658	0.402510625032015
0.311578238062364	0.604084483629132	0.872318736683726
0.930671684411667	0.945343122326463	0.442573476788855
0.515765198746587	0.068450416004495	0.387229331483706
0.000767305493712102	0.875966160034745	0.0511768097296249
0.281648257412784	0.617097651873295	0.679177274778102
0.628275196360552	0.132160744225681	0.777367203392725
0.857322054848691	0.288970963232671	0.459558666432071
0.753223081470105	0.751590903732735	0.672547885529952
0.127313933860191	0.182503445158947	0.588992816204667
0.806024748741661	0.121882941630614	0.599564433377033
0.208535373308014	0.433461179692979	0.203648916540504
0.0808541099917396	0.364132864104646	0.148992038401306
0.523427586780594	0.879898062851233	0.217442454405801
0.9106569182643 	0.880665368810606	0.0934086144405457
0.961833728459586	0.162313625757729	0.710506266313841
0.641011002772027	0.790588822118281	0.842667010539522
0.418378205699091	0.64791087650131	0.131637973306532
0.877936872131162	0.401133957971415	0.883228877504928
0.550484757195453	0.528447891831607	0.0657323221982142
0.139477572934459	0.334472640107606	0.187615263828829
0.739042006311492	0.54300801341562	0.621076443987468
0.942690922851996	0.623862123407359	0.985209308092114
0.0916829607876404	0.147289710187954	0.865107370477685
0.309125415659102	0.0579466279865925	0.74577273882263
0.402534030099648	0.0197803559805175	0.90808636504602
0.113040295947828	0.660791358752545	0.698675186698639
0.955707306487349	0.0791695639859743	0.34658606319995
0.0873452793282202	0.957106436582797	0.747720021171365
0.970574156833149	0.507591193312589	0.27616791253731
0.0363064790313628	0.647068766712709	0.610640552644916
0.223921742860191	0.38611077255854	0.153648565594875
0.84499818684766	0.328801695410536	0.777510689467895
0.830207494474113	0.420484656198176	0.924800399655849
0.695314864951798	0.729610071857278	0.982747027642441
0.441087603308767	0.132144101491265	0.00252738362295897
0.349173967889125	0.245184397439093	0.663318742375504
0.0478491545877648	0.200891703460781	0.742488306827139
0.394435217787714	0.288236983254662	0.699594742944275
0.142155238493418	0.25881113962215	0.207185935791203
0.418323151030728	0.295117618653512	0.854254702503912
0.028963703209983	0.519039361979365	0.240365475062451
0.182612268804858	0.364037548361364	0.569167170472987
0.960122958272753	0.194245042835476	0.989651826671163
0.88492335746294	0.889559907787275	0.719261898528441
0.867670385105382	0.33064751063038	0.851406000019706
0.870197768728341	0.679821478985167	0.0965903974587984
0.533516510638183	0.727670633572932	0.297482100919579
0.276004816999661	0.122105850894985	0.585719084174241
0.975599559943937	0.264261089388403	0.844530224262052
0.182785495735139	0.682584240419131	0.139647842449903
0.0370401977733896	0.711547943629114	0.658687204429268
